rowid,koi_pdisposition,koi_disposition,koi_prad,
1173,FALSE POSITIVE,FALSE POSITIVE,0.08,0
5605,FALSE POSITIVE,FALSE POSITIVE,0.23,0
3429,CANDIDATE,CANDIDATE,0.24,1
5704,FALSE POSITIVE,FALSE POSITIVE,0.3,0
4463,CANDIDATE,CANDIDATE,0.3043,1
2547,CANDIDATE,CONFIRMED,0.31,1
2034,CANDIDATE,CANDIDATE,0.32,1
4360,FALSE POSITIVE,FALSE POSITIVE,0.32,0
6196,FALSE POSITIVE,FALSE POSITIVE,0.346,0
2558,FALSE POSITIVE,FALSE POSITIVE,0.37,0
3551,FALSE POSITIVE,FALSE POSITIVE,0.37,0
4032,FALSE POSITIVE,FALSE POSITIVE,0.376,0
5869,NOT DISPOSITIONED,NOT DISPOSITIONED,0.387,0
3428,FALSE POSITIVE,FALSE POSITIVE,0.39,0
4494,FALSE POSITIVE,FALSE POSITIVE,0.4,0
4074,CANDIDATE,CANDIDATE,0.4101,1
5568,FALSE POSITIVE,FALSE POSITIVE,0.42,0
4115,CANDIDATE,CANDIDATE,0.421,1
3051,FALSE POSITIVE,FALSE POSITIVE,0.43,0
7239,NOT DISPOSITIONED,NOT DISPOSITIONED,0.437,0
4242,CANDIDATE,CANDIDATE,0.44,1
5591,FALSE POSITIVE,FALSE POSITIVE,0.45,0
4272,FALSE POSITIVE,FALSE POSITIVE,0.451,0
5649,FALSE POSITIVE,FALSE POSITIVE,0.46,0
2149,CANDIDATE,CANDIDATE,0.47,1
3912,FALSE POSITIVE,FALSE POSITIVE,0.47,0
5744,FALSE POSITIVE,FALSE POSITIVE,0.47,0
3873,CANDIDATE,CANDIDATE,0.4704,1
2681,CANDIDATE,CANDIDATE,0.48,1
4190,FALSE POSITIVE,FALSE POSITIVE,0.48,0
1908,FALSE POSITIVE,FALSE POSITIVE,0.49,0
4081,FALSE POSITIVE,FALSE POSITIVE,0.49,0
4890,FALSE POSITIVE,FALSE POSITIVE,0.49,0
4214,FALSE POSITIVE,FALSE POSITIVE,0.5,0
5668,FALSE POSITIVE,FALSE POSITIVE,0.5,0
4736,FALSE POSITIVE,FALSE POSITIVE,0.501,0
4187,CANDIDATE,CANDIDATE,0.5076,1
1928,CANDIDATE,CANDIDATE,0.51,1
2033,CANDIDATE,CANDIDATE,0.51,1
4350,FALSE POSITIVE,FALSE POSITIVE,0.51,0
5512,CANDIDATE,CANDIDATE,0.51,1
6455,NOT DISPOSITIONED,NOT DISPOSITIONED,0.519,0
557,CANDIDATE,CANDIDATE,0.52,1
6597,NOT DISPOSITIONED,NOT DISPOSITIONED,0.529,0
3916,FALSE POSITIVE,FALSE POSITIVE,0.53,0
4978,FALSE POSITIVE,FALSE POSITIVE,0.53,0
5515,FALSE POSITIVE,FALSE POSITIVE,0.53,0
5057,CANDIDATE,CANDIDATE,0.539,1
312,FALSE POSITIVE,FALSE POSITIVE,0.54,0
505,FALSE POSITIVE,FALSE POSITIVE,0.54,0
3295,CANDIDATE,CONFIRMED,0.54,1
3502,CANDIDATE,CANDIDATE,0.54,1
4219,FALSE POSITIVE,FALSE POSITIVE,0.54,0
4893,FALSE POSITIVE,FALSE POSITIVE,0.54,0
5544,FALSE POSITIVE,FALSE POSITIVE,0.54,0
3745,FALSE POSITIVE,FALSE POSITIVE,0.55,0
4279,CANDIDATE,CANDIDATE,0.55,1
5617,FALSE POSITIVE,FALSE POSITIVE,0.55,0
5254,FALSE POSITIVE,FALSE POSITIVE,0.553,0
4342,FALSE POSITIVE,FALSE POSITIVE,0.554,0
3645,CANDIDATE,CANDIDATE,0.56,1
5513,CANDIDATE,CANDIDATE,0.56,1
5581,FALSE POSITIVE,FALSE POSITIVE,0.56,0
5716,FALSE POSITIVE,FALSE POSITIVE,0.56,0
5791,NOT DISPOSITIONED,NOT DISPOSITIONED,0.563603,0
6216,CANDIDATE,CANDIDATE,0.564,1
1673,CANDIDATE,CANDIDATE,0.57,1
2219,FALSE POSITIVE,FALSE POSITIVE,0.57,0
4191,FALSE POSITIVE,FALSE POSITIVE,0.57,0
5566,FALSE POSITIVE,FALSE POSITIVE,0.57,0
169,FALSE POSITIVE,FALSE POSITIVE,0.575,0
1539,FALSE POSITIVE,FALSE POSITIVE,0.58,0
2647,FALSE POSITIVE,FALSE POSITIVE,0.58,0
5902,NOT DISPOSITIONED,NOT DISPOSITIONED,0.582,0
6212,NOT DISPOSITIONED,NOT DISPOSITIONED,0.582,0
6483,FALSE POSITIVE,FALSE POSITIVE,0.583,0
382,FALSE POSITIVE,FALSE POSITIVE,0.589,0
4220,CANDIDATE,CANDIDATE,0.589,1
2144,CANDIDATE,CANDIDATE,0.59,1
2548,FALSE POSITIVE,FALSE POSITIVE,0.59,0
3888,FALSE POSITIVE,FALSE POSITIVE,0.59,0
3951,FALSE POSITIVE,FALSE POSITIVE,0.59,0
4800,FALSE POSITIVE,FALSE POSITIVE,0.591,0
1537,FALSE POSITIVE,FALSE POSITIVE,0.6,0
2194,CANDIDATE,CANDIDATE,0.6,1
4041,CANDIDATE,CANDIDATE,0.6,1
4224,FALSE POSITIVE,FALSE POSITIVE,0.6,0
5212,CANDIDATE,CANDIDATE,0.601,1
2001,FALSE POSITIVE,FALSE POSITIVE,0.61,0
2064,CANDIDATE,CANDIDATE,0.61,1
2967,CANDIDATE,CANDIDATE,0.61,1
4897,CANDIDATE,CANDIDATE,0.61,1
4054,CANDIDATE,CANDIDATE,0.619,1
5918,FALSE POSITIVE,FALSE POSITIVE,0.619,0
605,FALSE POSITIVE,FALSE POSITIVE,0.62,0
1440,FALSE POSITIVE,FALSE POSITIVE,0.62,0
1695,FALSE POSITIVE,FALSE POSITIVE,0.62,0
2879,FALSE POSITIVE,FALSE POSITIVE,0.62,0
4276,FALSE POSITIVE,FALSE POSITIVE,0.62,0
5747,FALSE POSITIVE,FALSE POSITIVE,0.62,0
5897,NOT DISPOSITIONED,NOT DISPOSITIONED,0.625,0
5083,CANDIDATE,CANDIDATE,0.629,1
1133,FALSE POSITIVE,FALSE POSITIVE,0.63,0
4842,FALSE POSITIVE,FALSE POSITIVE,0.63,0
5485,FALSE POSITIVE,FALSE POSITIVE,0.63,0
6927,NOT DISPOSITIONED,NOT DISPOSITIONED,0.63,0
385,CANDIDATE,CANDIDATE,0.631,1
5349,CANDIDATE,CANDIDATE,0.634,1
3891,CANDIDATE,CANDIDATE,0.635,1
159,FALSE POSITIVE,FALSE POSITIVE,0.637,0
313,CANDIDATE,CANDIDATE,0.637,1
4490,FALSE POSITIVE,FALSE POSITIVE,0.638,0
4847,FALSE POSITIVE,FALSE POSITIVE,0.639,0
58,FALSE POSITIVE,FALSE POSITIVE,0.64,0
364,CANDIDATE,CANDIDATE,0.64,1
1920,FALSE POSITIVE,FALSE POSITIVE,0.64,0
2565,FALSE POSITIVE,FALSE POSITIVE,0.64,0
3490,FALSE POSITIVE,FALSE POSITIVE,0.64,0
3961,CANDIDATE,CANDIDATE,0.64,1
2800,FALSE POSITIVE,FALSE POSITIVE,0.65,0
3941,CANDIDATE,CANDIDATE,0.65,1
5556,CANDIDATE,CANDIDATE,0.65,1
6408,NOT DISPOSITIONED,NOT DISPOSITIONED,0.65,0
4325,CANDIDATE,CANDIDATE,0.653,1
29,FALSE POSITIVE,FALSE POSITIVE,0.66,0
100,FALSE POSITIVE,FALSE POSITIVE,0.66,0
1134,FALSE POSITIVE,FALSE POSITIVE,0.66,0
1156,CANDIDATE,CANDIDATE,0.66,1
2076,CANDIDATE,CANDIDATE,0.66,1
2304,CANDIDATE,CANDIDATE,0.66,1
3211,CANDIDATE,CANDIDATE,0.66,1
3501,CANDIDATE,CANDIDATE,0.66,1
3508,CANDIDATE,CANDIDATE,0.66,1
4358,FALSE POSITIVE,FALSE POSITIVE,0.66,0
5525,FALSE POSITIVE,FALSE POSITIVE,0.66,0
6816,NOT DISPOSITIONED,NOT DISPOSITIONED,0.66,0
23,CANDIDATE,CANDIDATE,0.665,1
1950,CANDIDATE,CANDIDATE,0.67,1
3375,CANDIDATE,CANDIDATE,0.67,1
3480,FALSE POSITIVE,FALSE POSITIVE,0.67,0
4123,FALSE POSITIVE,FALSE POSITIVE,0.67,0
4812,FALSE POSITIVE,FALSE POSITIVE,0.67,0
4891,CANDIDATE,CANDIDATE,0.67,1
5776,FALSE POSITIVE,FALSE POSITIVE,0.67,0
5870,NOT DISPOSITIONED,NOT DISPOSITIONED,0.67,0
5318,CANDIDATE,CANDIDATE,0.672,1
5099,CANDIDATE,CANDIDATE,0.678,1
1779,CANDIDATE,CANDIDATE,0.68,1
3101,CANDIDATE,CANDIDATE,0.68,1
455,FALSE POSITIVE,FALSE POSITIVE,0.681,0
4489,CANDIDATE,CANDIDATE,0.681,1
60,FALSE POSITIVE,FALSE POSITIVE,0.683,0
4248,CANDIDATE,CANDIDATE,0.686,1
5220,FALSE POSITIVE,FALSE POSITIVE,0.686,0
231,FALSE POSITIVE,FALSE POSITIVE,0.687,0
4152,CANDIDATE,CANDIDATE,0.688,1
275,CANDIDATE,CANDIDATE,0.69,1
1875,CANDIDATE,CONFIRMED,0.69,1
3097,FALSE POSITIVE,FALSE POSITIVE,0.69,0
3242,CANDIDATE,CONFIRMED,0.69,1
3292,FALSE POSITIVE,FALSE POSITIVE,0.69,0
5559,FALSE POSITIVE,FALSE POSITIVE,0.69,0
4320,FALSE POSITIVE,FALSE POSITIVE,0.691,0
6781,NOT DISPOSITIONED,NOT DISPOSITIONED,0.692,0
3910,CANDIDATE,CANDIDATE,0.696,1
4457,FALSE POSITIVE,FALSE POSITIVE,0.696,0
18,FALSE POSITIVE,FALSE POSITIVE,0.7,0
139,CANDIDATE,CANDIDATE,0.7,1
552,FALSE POSITIVE,FALSE POSITIVE,0.7,0
1890,CANDIDATE,CONFIRMED,0.7,1
4030,FALSE POSITIVE,FALSE POSITIVE,0.7,0
4077,FALSE POSITIVE,FALSE POSITIVE,0.7,0
4318,CANDIDATE,CANDIDATE,0.7,1
4373,CANDIDATE,CANDIDATE,0.7,1
4439,FALSE POSITIVE,FALSE POSITIVE,0.7,0
4528,CANDIDATE,CANDIDATE,0.7,1
5016,CANDIDATE,CANDIDATE,0.7,1
5019,FALSE POSITIVE,FALSE POSITIVE,0.7,0
5474,FALSE POSITIVE,FALSE POSITIVE,0.7,0
5519,FALSE POSITIVE,FALSE POSITIVE,0.7,0
5616,FALSE POSITIVE,FALSE POSITIVE,0.7,0
4073,CANDIDATE,CONFIRMED,0.705,1
271,FALSE POSITIVE,FALSE POSITIVE,0.708,0
2680,CANDIDATE,CANDIDATE,0.71,1
3436,CANDIDATE,CANDIDATE,0.71,1
4729,FALSE POSITIVE,FALSE POSITIVE,0.71,0
4844,CANDIDATE,CANDIDATE,0.71,1
6982,NOT DISPOSITIONED,NOT DISPOSITIONED,0.712,0
7252,NOT DISPOSITIONED,NOT DISPOSITIONED,0.716,0
37,FALSE POSITIVE,FALSE POSITIVE,0.72,0
1701,CANDIDATE,CANDIDATE,0.72,1
2410,CANDIDATE,CANDIDATE,0.72,1
4492,FALSE POSITIVE,FALSE POSITIVE,0.72,0
4848,CANDIDATE,CANDIDATE,0.72,1
5404,CANDIDATE,CANDIDATE,0.727,1
7173,NOT DISPOSITIONED,NOT DISPOSITIONED,0.729,0
53,CANDIDATE,CONFIRMED,0.73,1
1859,CANDIDATE,CANDIDATE,0.73,1
2419,CANDIDATE,CONFIRMED,0.73,1
2769,CANDIDATE,CANDIDATE,0.73,1
2877,CANDIDATE,CANDIDATE,0.73,1
4375,FALSE POSITIVE,FALSE POSITIVE,0.73,0
5664,FALSE POSITIVE,FALSE POSITIVE,0.73,0
5962,NOT DISPOSITIONED,NOT DISPOSITIONED,0.73,0
6952,NOT DISPOSITIONED,NOT DISPOSITIONED,0.73,0
7040,NOT DISPOSITIONED,NOT DISPOSITIONED,0.73,0
6381,NOT DISPOSITIONED,NOT DISPOSITIONED,0.732,0
5868,NOT DISPOSITIONED,NOT DISPOSITIONED,0.738,0
409,FALSE POSITIVE,FALSE POSITIVE,0.74,0
2299,CANDIDATE,CANDIDATE,0.74,1
2421,CANDIDATE,CANDIDATE,0.74,1
2675,CANDIDATE,CANDIDATE,0.74,1
2926,FALSE POSITIVE,FALSE POSITIVE,0.74,0
3496,CANDIDATE,CANDIDATE,0.74,1
3546,CANDIDATE,CANDIDATE,0.74,1
3584,CANDIDATE,CANDIDATE,0.74,1
3978,FALSE POSITIVE,FALSE POSITIVE,0.74,0
4810,CANDIDATE,CANDIDATE,0.74,1
4851,FALSE POSITIVE,FALSE POSITIVE,0.74,0
5487,FALSE POSITIVE,FALSE POSITIVE,0.74,0
5594,FALSE POSITIVE,FALSE POSITIVE,0.74,0
5222,FALSE POSITIVE,FALSE POSITIVE,0.741,0
199,CANDIDATE,CANDIDATE,0.743,1
88,CANDIDATE,CANDIDATE,0.744,1
6825,NOT DISPOSITIONED,NOT DISPOSITIONED,0.744,0
4205,FALSE POSITIVE,FALSE POSITIVE,0.747,0
1899,CANDIDATE,CANDIDATE,0.75,1
2065,CANDIDATE,CANDIDATE,0.75,1
2075,FALSE POSITIVE,FALSE POSITIVE,0.75,0
2201,FALSE POSITIVE,FALSE POSITIVE,0.75,0
2483,CANDIDATE,CONFIRMED,0.75,1
2679,CANDIDATE,CANDIDATE,0.75,1
2828,FALSE POSITIVE,FALSE POSITIVE,0.75,0
3376,CANDIDATE,CANDIDATE,0.75,1
3424,FALSE POSITIVE,FALSE POSITIVE,0.75,0
5060,FALSE POSITIVE,FALSE POSITIVE,0.751,0
6038,NOT DISPOSITIONED,NOT DISPOSITIONED,0.751,0
582,FALSE POSITIVE,FALSE POSITIVE,0.752,0
4402,CANDIDATE,CANDIDATE,0.754,1
4222,CANDIDATE,CANDIDATE,0.755,1
4052,CANDIDATE,CANDIDATE,0.757,1
4427,FALSE POSITIVE,FALSE POSITIVE,0.759,0
6087,NOT DISPOSITIONED,NOT DISPOSITIONED,0.759,0
2488,FALSE POSITIVE,FALSE POSITIVE,0.76,0
3136,FALSE POSITIVE,FALSE POSITIVE,0.76,0
4048,CANDIDATE,CANDIDATE,0.76,1
4144,CANDIDATE,CANDIDATE,0.76,1
5532,FALSE POSITIVE,FALSE POSITIVE,0.76,0
5677,FALSE POSITIVE,FALSE POSITIVE,0.76,0
6802,FALSE POSITIVE,FALSE POSITIVE,0.76,0
5,FALSE POSITIVE,FALSE POSITIVE,0.763,0
141,CANDIDATE,CANDIDATE,0.764,1
765,CANDIDATE,CANDIDATE,0.77,1
1968,CANDIDATE,CANDIDATE,0.77,1
2923,CANDIDATE,CANDIDATE,0.77,1
3213,CANDIDATE,CANDIDATE,0.77,1
3217,FALSE POSITIVE,FALSE POSITIVE,0.77,0
3589,FALSE POSITIVE,FALSE POSITIVE,0.77,0
3669,CANDIDATE,CANDIDATE,0.77,1
3906,FALSE POSITIVE,FALSE POSITIVE,0.77,0
4196,CANDIDATE,CANDIDATE,0.77,1
4770,CANDIDATE,CANDIDATE,0.77,1
5473,FALSE POSITIVE,FALSE POSITIVE,0.77,0
5545,FALSE POSITIVE,FALSE POSITIVE,0.77,0
6447,CANDIDATE,CANDIDATE,0.77,1
7227,NOT DISPOSITIONED,NOT DISPOSITIONED,0.77,0
7249,NOT DISPOSITIONED,NOT DISPOSITIONED,0.77,0
142,CANDIDATE,CANDIDATE,0.772,1
34,FALSE POSITIVE,FALSE POSITIVE,0.774,0
592,FALSE POSITIVE,FALSE POSITIVE,0.778,0
84,FALSE POSITIVE,FALSE POSITIVE,0.78,0
614,FALSE POSITIVE,FALSE POSITIVE,0.78,0
759,CANDIDATE,CONFIRMED,0.78,1
1401,CANDIDATE,CANDIDATE,0.78,1
1559,CANDIDATE,CANDIDATE,0.78,1
1750,CANDIDATE,CANDIDATE,0.78,1
3662,FALSE POSITIVE,FALSE POSITIVE,0.78,0
4103,CANDIDATE,CANDIDATE,0.78,1
4362,CANDIDATE,CANDIDATE,0.78,1
4734,CANDIDATE,CANDIDATE,0.78,1
5064,CANDIDATE,CANDIDATE,0.78,1
6336,NOT DISPOSITIONED,NOT DISPOSITIONED,0.781,0
6953,NOT DISPOSITIONED,NOT DISPOSITIONED,0.783,0
73,FALSE POSITIVE,FALSE POSITIVE,0.784,0
3895,CANDIDATE,CANDIDATE,0.784,1
6589,FALSE POSITIVE,FALSE POSITIVE,0.784,0
196,CANDIDATE,CANDIDATE,0.79,1
1910,CANDIDATE,CANDIDATE,0.79,1
2415,CANDIDATE,CANDIDATE,0.79,1
3037,CANDIDATE,CANDIDATE,0.79,1
3060,CANDIDATE,CONFIRMED,0.79,1
3550,FALSE POSITIVE,FALSE POSITIVE,0.79,0
3927,FALSE POSITIVE,FALSE POSITIVE,0.79,0
4359,CANDIDATE,CANDIDATE,0.79,1
5278,FALSE POSITIVE,FALSE POSITIVE,0.79,0
6218,NOT DISPOSITIONED,NOT DISPOSITIONED,0.79,0
6911,FALSE POSITIVE,FALSE POSITIVE,0.79,0
133,CANDIDATE,CANDIDATE,0.793,1
4117,CANDIDATE,CANDIDATE,0.793,1
4008,FALSE POSITIVE,FALSE POSITIVE,0.794,0
4352,CANDIDATE,CANDIDATE,0.794,1
6973,NOT DISPOSITIONED,NOT DISPOSITIONED,0.797,0
434,FALSE POSITIVE,FALSE POSITIVE,0.799,0
766,CANDIDATE,CANDIDATE,0.8,1
2510,CANDIDATE,CANDIDATE,0.8,1
2649,CANDIDATE,CANDIDATE,0.8,1
3989,FALSE POSITIVE,FALSE POSITIVE,0.8,0
4009,FALSE POSITIVE,FALSE POSITIVE,0.8,0
4083,CANDIDATE,CANDIDATE,0.8,1
4232,FALSE POSITIVE,FALSE POSITIVE,0.8,0
4240,FALSE POSITIVE,FALSE POSITIVE,0.8,0
4264,FALSE POSITIVE,FALSE POSITIVE,0.8,0
4394,FALSE POSITIVE,FALSE POSITIVE,0.8,0
4404,CANDIDATE,CANDIDATE,0.8,1
4486,CANDIDATE,CANDIDATE,0.8,1
5509,FALSE POSITIVE,FALSE POSITIVE,0.8,0
4171,FALSE POSITIVE,FALSE POSITIVE,0.801,0
6671,NOT DISPOSITIONED,NOT DISPOSITIONED,0.806,0
6012,NOT DISPOSITIONED,NOT DISPOSITIONED,0.808,0
25,FALSE POSITIVE,FALSE POSITIVE,0.81,0
67,FALSE POSITIVE,FALSE POSITIVE,0.81,0
167,CANDIDATE,CANDIDATE,0.81,1
371,CANDIDATE,CANDIDATE,0.81,1
425,CANDIDATE,CONFIRMED,0.81,1
1052,CANDIDATE,CANDIDATE,0.81,1
1651,CANDIDATE,CANDIDATE,0.81,1
2795,FALSE POSITIVE,FALSE POSITIVE,0.81,0
2986,CANDIDATE,CANDIDATE,0.81,1
3827,CANDIDATE,CONFIRMED,0.81,1
3922,FALSE POSITIVE,FALSE POSITIVE,0.81,0
4355,CANDIDATE,CANDIDATE,0.81,1
5411,CANDIDATE,CANDIDATE,0.81,1
3936,CANDIDATE,CANDIDATE,0.812,1
437,FALSE POSITIVE,FALSE POSITIVE,0.815,0
485,CANDIDATE,CANDIDATE,0.815,1
166,FALSE POSITIVE,FALSE POSITIVE,0.817,0
1349,CANDIDATE,CANDIDATE,0.82,1
1810,CANDIDATE,CANDIDATE,0.82,1
1974,CANDIDATE,CONFIRMED,0.82,1
2069,CANDIDATE,CANDIDATE,0.82,1
2117,CANDIDATE,CONFIRMED,0.82,1
2627,CANDIDATE,CANDIDATE,0.82,1
3317,CANDIDATE,CANDIDATE,0.82,1
3548,FALSE POSITIVE,FALSE POSITIVE,0.82,0
4472,CANDIDATE,CANDIDATE,0.82,1
4617,CANDIDATE,CANDIDATE,0.82,1
4691,CANDIDATE,CANDIDATE,0.82,1
5734,FALSE POSITIVE,FALSE POSITIVE,0.82,0
6648,NOT DISPOSITIONED,NOT DISPOSITIONED,0.82,0
137,FALSE POSITIVE,FALSE POSITIVE,0.822,0
3868,CANDIDATE,CANDIDATE,0.825,1
6635,NOT DISPOSITIONED,NOT DISPOSITIONED,0.825,0
410,FALSE POSITIVE,FALSE POSITIVE,0.827,0
2230,CANDIDATE,CANDIDATE,0.83,1
2835,CANDIDATE,CANDIDATE,0.83,1
4146,CANDIDATE,CANDIDATE,0.83,1
4278,FALSE POSITIVE,FALSE POSITIVE,0.83,0
5193,CANDIDATE,CANDIDATE,0.83,1
5755,FALSE POSITIVE,FALSE POSITIVE,0.83,0
6147,CANDIDATE,CANDIDATE,0.83,1
4665,CANDIDATE,CANDIDATE,0.837,1
903,CANDIDATE,CONFIRMED,0.84,1
1842,FALSE POSITIVE,FALSE POSITIVE,0.84,0
1883,CANDIDATE,CANDIDATE,0.84,1
2089,CANDIDATE,CONFIRMED,0.84,1
2151,CANDIDATE,CANDIDATE,0.84,1
2713,CANDIDATE,CONFIRMED,0.84,1
3114,CANDIDATE,CONFIRMED,0.84,1
3159,CANDIDATE,CANDIDATE,0.84,1
3334,CANDIDATE,CONFIRMED,0.84,1
4313,CANDIDATE,CANDIDATE,0.84,1
4816,FALSE POSITIVE,FALSE POSITIVE,0.84,0
5546,CANDIDATE,CANDIDATE,0.84,1
193,CANDIDATE,CANDIDATE,0.842,1
4089,FALSE POSITIVE,FALSE POSITIVE,0.842,0
4476,CANDIDATE,CANDIDATE,0.843,1
4145,FALSE POSITIVE,FALSE POSITIVE,0.845,0
458,FALSE POSITIVE,FALSE POSITIVE,0.848,0
47,FALSE POSITIVE,FALSE POSITIVE,0.85,0
68,FALSE POSITIVE,FALSE POSITIVE,0.85,0
351,FALSE POSITIVE,FALSE POSITIVE,0.85,0
2045,FALSE POSITIVE,FALSE POSITIVE,0.85,0
2829,CANDIDATE,CANDIDATE,0.85,1
3038,CANDIDATE,CANDIDATE,0.85,1
4125,CANDIDATE,CANDIDATE,0.85,1
4234,FALSE POSITIVE,FALSE POSITIVE,0.85,0
4137,CANDIDATE,CANDIDATE,0.854,1
4228,FALSE POSITIVE,FALSE POSITIVE,0.8553,0
386,CANDIDATE,CANDIDATE,0.856,1
6651,NOT DISPOSITIONED,NOT DISPOSITIONED,0.856,0
5828,FALSE POSITIVE,FALSE POSITIVE,0.857,0
353,FALSE POSITIVE,FALSE POSITIVE,0.86,0
1053,FALSE POSITIVE,FALSE POSITIVE,0.86,0
1309,CANDIDATE,CONFIRMED,0.86,1
2015,CANDIDATE,CANDIDATE,0.86,1
2883,CANDIDATE,CANDIDATE,0.86,1
3426,CANDIDATE,CANDIDATE,0.86,1
4026,CANDIDATE,CANDIDATE,0.86,1
4317,CANDIDATE,CANDIDATE,0.86,1
4769,CANDIDATE,CANDIDATE,0.86,1
6795,NOT DISPOSITIONED,NOT DISPOSITIONED,0.862,0
5066,CANDIDATE,CANDIDATE,0.863,1
4964,CANDIDATE,CANDIDATE,0.864,1
5357,CANDIDATE,CANDIDATE,0.864,1
5936,NOT DISPOSITIONED,NOT DISPOSITIONED,0.864,0
4168,CANDIDATE,CANDIDATE,0.866,1
4461,FALSE POSITIVE,FALSE POSITIVE,0.867,0
4488,FALSE POSITIVE,FALSE POSITIVE,0.867,0
5997,CANDIDATE,CANDIDATE,0.869,1
1771,CANDIDATE,CANDIDATE,0.87,1
2172,CANDIDATE,CONFIRMED,0.87,1
3311,CANDIDATE,CANDIDATE,0.87,1
3444,CANDIDATE,CANDIDATE,0.87,1
3879,FALSE POSITIVE,FALSE POSITIVE,0.87,0
5987,FALSE POSITIVE,FALSE POSITIVE,0.87,0
7059,NOT DISPOSITIONED,NOT DISPOSITIONED,0.87,0
556,CANDIDATE,CANDIDATE,0.874,1
4737,CANDIDATE,CANDIDATE,0.874,1
4049,CANDIDATE,CANDIDATE,0.876,1
4088,CANDIDATE,CANDIDATE,0.876,1
5070,CANDIDATE,CANDIDATE,0.877,1
355,FALSE POSITIVE,FALSE POSITIVE,0.879,0
311,CANDIDATE,CANDIDATE,0.88,1
942,CANDIDATE,CANDIDATE,0.88,1
1700,CANDIDATE,CANDIDATE,0.88,1
1897,CANDIDATE,CANDIDATE,0.88,1
2006,CANDIDATE,CANDIDATE,0.88,1
2884,CANDIDATE,CANDIDATE,0.88,1
3382,CANDIDATE,CANDIDATE,0.88,1
3824,CANDIDATE,CONFIRMED,0.88,1
3862,CANDIDATE,CANDIDATE,0.88,1
4477,CANDIDATE,CANDIDATE,0.88,1
5558,FALSE POSITIVE,FALSE POSITIVE,0.88,0
5578,CANDIDATE,CANDIDATE,0.88,1
5690,FALSE POSITIVE,FALSE POSITIVE,0.88,0
6304,NOT DISPOSITIONED,NOT DISPOSITIONED,0.88,0
6962,NOT DISPOSITIONED,NOT DISPOSITIONED,0.88,0
49,FALSE POSITIVE,FALSE POSITIVE,0.883,0
4155,CANDIDATE,CANDIDATE,0.883,1
4871,CANDIDATE,CANDIDATE,0.884,1
6613,NOT DISPOSITIONED,NOT DISPOSITIONED,0.884,0
1740,CANDIDATE,CANDIDATE,0.89,1
1767,CANDIDATE,CANDIDATE,0.89,1
3039,FALSE POSITIVE,FALSE POSITIVE,0.89,0
3106,FALSE POSITIVE,FALSE POSITIVE,0.89,0
3381,CANDIDATE,CANDIDATE,0.89,1
3478,CANDIDATE,CANDIDATE,0.89,1
4040,FALSE POSITIVE,FALSE POSITIVE,0.89,0
4135,CANDIDATE,CANDIDATE,0.89,1
4483,FALSE POSITIVE,FALSE POSITIVE,0.89,0
5768,FALSE POSITIVE,FALSE POSITIVE,0.89,0
233,CANDIDATE,CANDIDATE,0.892,1
3863,CANDIDATE,CANDIDATE,0.894,1
6977,NOT DISPOSITIONED,NOT DISPOSITIONED,0.894,0
4198,FALSE POSITIVE,FALSE POSITIVE,0.897,0
4095,CANDIDATE,CANDIDATE,0.899,1
200,CANDIDATE,CANDIDATE,0.9,1
1071,FALSE POSITIVE,FALSE POSITIVE,0.9,0
1778,FALSE POSITIVE,FALSE POSITIVE,0.9,0
2326,CANDIDATE,CANDIDATE,0.9,1
2798,CANDIDATE,CANDIDATE,0.9,1
3331,CANDIDATE,CANDIDATE,0.9,1
3698,CANDIDATE,CANDIDATE,0.9,1
3884,CANDIDATE,CANDIDATE,0.9,1
3924,FALSE POSITIVE,FALSE POSITIVE,0.9,0
3980,FALSE POSITIVE,FALSE POSITIVE,0.9,0
3985,FALSE POSITIVE,FALSE POSITIVE,0.9,0
4027,FALSE POSITIVE,FALSE POSITIVE,0.9,0
4044,FALSE POSITIVE,FALSE POSITIVE,0.9,0
4068,FALSE POSITIVE,FALSE POSITIVE,0.9,0
4267,FALSE POSITIVE,FALSE POSITIVE,0.9,0
4339,CANDIDATE,CANDIDATE,0.9,1
4387,FALSE POSITIVE,FALSE POSITIVE,0.9,0
4437,FALSE POSITIVE,FALSE POSITIVE,0.9,0
4445,FALSE POSITIVE,FALSE POSITIVE,0.9,0
4482,CANDIDATE,CANDIDATE,0.9,1
4981,CANDIDATE,CANDIDATE,0.9,1
5505,FALSE POSITIVE,FALSE POSITIVE,0.9,0
5553,FALSE POSITIVE,FALSE POSITIVE,0.9,0
6996,NOT DISPOSITIONED,NOT DISPOSITIONED,0.9,0
4130,FALSE POSITIVE,FALSE POSITIVE,0.901,0
3869,FALSE POSITIVE,FALSE POSITIVE,0.903,0
5024,CANDIDATE,CANDIDATE,0.904,1
4671,CANDIDATE,CANDIDATE,0.905,1
5974,CANDIDATE,CANDIDATE,0.907,1
4917,CANDIDATE,CANDIDATE,0.909,1
1632,FALSE POSITIVE,FALSE POSITIVE,0.91,0
2853,CANDIDATE,CANDIDATE,0.91,1
2861,FALSE POSITIVE,FALSE POSITIVE,0.91,0
3608,CANDIDATE,CANDIDATE,0.91,1
3620,CANDIDATE,CONFIRMED,0.91,1
3885,FALSE POSITIVE,FALSE POSITIVE,0.91,0
3974,CANDIDATE,CANDIDATE,0.91,1
5522,CANDIDATE,CANDIDATE,0.91,1
5557,FALSE POSITIVE,FALSE POSITIVE,0.91,0
6867,FALSE POSITIVE,FALSE POSITIVE,0.91,0
880,CANDIDATE,CANDIDATE,0.92,1
2420,CANDIDATE,CONFIRMED,0.92,1
2814,CANDIDATE,CONFIRMED,0.92,1
2929,CANDIDATE,CANDIDATE,0.92,1
3423,FALSE POSITIVE,FALSE POSITIVE,0.92,0
3864,CANDIDATE,CANDIDATE,0.92,1
4455,CANDIDATE,CANDIDATE,0.92,1
4894,FALSE POSITIVE,FALSE POSITIVE,0.92,0
4982,FALSE POSITIVE,FALSE POSITIVE,0.92,0
6060,NOT DISPOSITIONED,NOT DISPOSITIONED,0.92,0
5854,FALSE POSITIVE,FALSE POSITIVE,0.924,0
6295,FALSE POSITIVE,FALSE POSITIVE,0.927,0
446,CANDIDATE,CONFIRMED,0.93,1
1001,CANDIDATE,CANDIDATE,0.93,1
1699,FALSE POSITIVE,FALSE POSITIVE,0.93,0
1753,CANDIDATE,CANDIDATE,0.93,1
1813,FALSE POSITIVE,FALSE POSITIVE,0.93,0
2251,CANDIDATE,CONFIRMED,0.93,1
2270,CANDIDATE,CANDIDATE,0.93,1
2710,FALSE POSITIVE,FALSE POSITIVE,0.93,0
2830,FALSE POSITIVE,FALSE POSITIVE,0.93,0
3374,CANDIDATE,CANDIDATE,0.93,1
4015,CANDIDATE,CANDIDATE,0.93,1
4182,FALSE POSITIVE,FALSE POSITIVE,0.93,0
4308,FALSE POSITIVE,FALSE POSITIVE,0.93,0
4784,CANDIDATE,CANDIDATE,0.93,1
5587,CANDIDATE,CANDIDATE,0.93,1
5653,CANDIDATE,CANDIDATE,0.93,1
5765,FALSE POSITIVE,FALSE POSITIVE,0.93,0
4189,FALSE POSITIVE,FALSE POSITIVE,0.932,0
6283,CANDIDATE,CANDIDATE,0.935,1
379,CANDIDATE,CANDIDATE,0.94,1
833,CANDIDATE,CANDIDATE,0.94,1
1228,FALSE POSITIVE,FALSE POSITIVE,0.94,0
1768,CANDIDATE,CANDIDATE,0.94,1
1926,CANDIDATE,CANDIDATE,0.94,1
1961,CANDIDATE,CANDIDATE,0.94,1
3756,CANDIDATE,CONFIRMED,0.94,1
4265,FALSE POSITIVE,FALSE POSITIVE,0.94,0
5280,FALSE POSITIVE,FALSE POSITIVE,0.94,0
5593,FALSE POSITIVE,FALSE POSITIVE,0.94,0
6915,NOT DISPOSITIONED,NOT DISPOSITIONED,0.94,0
6250,CANDIDATE,CANDIDATE,0.948,1
56,CANDIDATE,CANDIDATE,0.95,1
348,FALSE POSITIVE,FALSE POSITIVE,0.95,0
623,FALSE POSITIVE,FALSE POSITIVE,0.95,0
1157,CANDIDATE,CANDIDATE,0.95,1
1287,CANDIDATE,CANDIDATE,0.95,1
1346,CANDIDATE,CANDIDATE,0.95,1
1967,CANDIDATE,CANDIDATE,0.95,1
2051,CANDIDATE,CANDIDATE,0.95,1
2567,CANDIDATE,CONFIRMED,0.95,1
2690,CANDIDATE,CANDIDATE,0.95,1
2706,CANDIDATE,CANDIDATE,0.95,1
3318,FALSE POSITIVE,FALSE POSITIVE,0.95,0
3819,CANDIDATE,CANDIDATE,0.95,1
4239,CANDIDATE,CANDIDATE,0.95,1
4731,FALSE POSITIVE,FALSE POSITIVE,0.95,0
4809,FALSE POSITIVE,FALSE POSITIVE,0.95,0
5498,FALSE POSITIVE,FALSE POSITIVE,0.95,0
5592,FALSE POSITIVE,FALSE POSITIVE,0.95,0
5621,FALSE POSITIVE,FALSE POSITIVE,0.95,0
6875,FALSE POSITIVE,FALSE POSITIVE,0.95,0
6601,NOT DISPOSITIONED,NOT DISPOSITIONED,0.951,0
3972,FALSE POSITIVE,FALSE POSITIVE,0.955,0
6341,NOT DISPOSITIONED,NOT DISPOSITIONED,0.956,0
6757,NOT DISPOSITIONED,NOT DISPOSITIONED,0.956,0
5162,CANDIDATE,CANDIDATE,0.958,1
106,CANDIDATE,CANDIDATE,0.959,1
479,CANDIDATE,CANDIDATE,0.96,1
1046,CANDIDATE,CANDIDATE,0.96,1
2198,CANDIDATE,CANDIDATE,0.96,1
3059,CANDIDATE,CONFIRMED,0.96,1
3157,FALSE POSITIVE,FALSE POSITIVE,0.96,0
3199,CANDIDATE,CANDIDATE,0.96,1
3485,CANDIDATE,CANDIDATE,0.96,1
3704,FALSE POSITIVE,FALSE POSITIVE,0.96,0
3865,CANDIDATE,CANDIDATE,0.96,1
4329,CANDIDATE,CANDIDATE,0.96,1
4914,CANDIDATE,CANDIDATE,0.96,1
5022,CANDIDATE,CANDIDATE,0.96,1
5058,CANDIDATE,CANDIDATE,0.96,1
5930,FALSE POSITIVE,FALSE POSITIVE,0.96,0
6932,NOT DISPOSITIONED,NOT DISPOSITIONED,0.96,0
4514,CANDIDATE,CANDIDATE,0.962,1
5266,CANDIDATE,CANDIDATE,0.968,1
4877,CANDIDATE,CANDIDATE,0.969,1
1264,FALSE POSITIVE,FALSE POSITIVE,0.97,0
1807,CANDIDATE,CANDIDATE,0.97,1
1831,CANDIDATE,CANDIDATE,0.97,1
2318,FALSE POSITIVE,FALSE POSITIVE,0.97,0
2678,CANDIDATE,CANDIDATE,0.97,1
2979,FALSE POSITIVE,FALSE POSITIVE,0.97,0
2985,CANDIDATE,CANDIDATE,0.97,1
3321,CANDIDATE,CANDIDATE,0.97,1
3384,FALSE POSITIVE,FALSE POSITIVE,0.97,0
4045,CANDIDATE,CANDIDATE,0.97,1
4852,CANDIDATE,CANDIDATE,0.97,1
5978,NOT DISPOSITIONED,NOT DISPOSITIONED,0.97,0
352,FALSE POSITIVE,FALSE POSITIVE,0.971,0
4778,CANDIDATE,CANDIDATE,0.975,1
4266,CANDIDATE,CANDIDATE,0.976,1
62,FALSE POSITIVE,FALSE POSITIVE,0.98,0
134,FALSE POSITIVE,FALSE POSITIVE,0.98,0
456,FALSE POSITIVE,FALSE POSITIVE,0.98,0
2097,CANDIDATE,CONFIRMED,0.98,1
2715,FALSE POSITIVE,FALSE POSITIVE,0.98,0
3554,CANDIDATE,CANDIDATE,0.98,1
3943,FALSE POSITIVE,FALSE POSITIVE,0.98,0
4405,FALSE POSITIVE,FALSE POSITIVE,0.98,0
6390,NOT DISPOSITIONED,NOT DISPOSITIONED,0.98,0
488,FALSE POSITIVE,FALSE POSITIVE,0.982,0
3878,CANDIDATE,CANDIDATE,0.982,1
5071,CANDIDATE,CANDIDATE,0.983,1
4789,CANDIDATE,CONFIRMED,0.985,1
5107,CANDIDATE,CANDIDATE,0.987,1
6185,NOT DISPOSITIONED,NOT DISPOSITIONED,0.988,0
4256,CANDIDATE,CANDIDATE,0.989,1
341,CANDIDATE,CONFIRMED,0.99,1
855,FALSE POSITIVE,FALSE POSITIVE,0.99,0
1229,CANDIDATE,CONFIRMED,0.99,1
1575,FALSE POSITIVE,FALSE POSITIVE,0.99,0
1751,FALSE POSITIVE,FALSE POSITIVE,0.99,0
1975,CANDIDATE,CANDIDATE,0.99,1
2613,FALSE POSITIVE,FALSE POSITIVE,0.99,0
3104,FALSE POSITIVE,FALSE POSITIVE,0.99,0
3169,CANDIDATE,CANDIDATE,0.99,1
3479,FALSE POSITIVE,FALSE POSITIVE,0.99,0
3710,CANDIDATE,CANDIDATE,0.99,1
3965,CANDIDATE,CANDIDATE,0.99,1
5516,FALSE POSITIVE,FALSE POSITIVE,0.99,0
5784,FALSE POSITIVE,FALSE POSITIVE,0.99,0
6190,FALSE POSITIVE,FALSE POSITIVE,0.99,0
6293,CANDIDATE,CANDIDATE,0.99,1
6903,CANDIDATE,CANDIDATE,0.99,1
6949,NOT DISPOSITIONED,NOT DISPOSITIONED,0.99,0
584,FALSE POSITIVE,FALSE POSITIVE,0.992,0
4471,CANDIDATE,CANDIDATE,0.992,1
4874,CANDIDATE,CANDIDATE,0.993,1
5312,FALSE POSITIVE,FALSE POSITIVE,0.994,0
198,FALSE POSITIVE,FALSE POSITIVE,0.996,0
7073,NOT DISPOSITIONED,NOT DISPOSITIONED,0.996,0
1668,CANDIDATE,CANDIDATE,1,1
1820,CANDIDATE,CANDIDATE,1,1
1954,CANDIDATE,CANDIDATE,1,1
2727,CANDIDATE,CONFIRMED,1,1
2832,CANDIDATE,CANDIDATE,1,1
3859,FALSE POSITIVE,FALSE POSITIVE,1,0
3931,CANDIDATE,CANDIDATE,1,1
3946,FALSE POSITIVE,FALSE POSITIVE,1,0
4215,CANDIDATE,CANDIDATE,1,1
4229,CANDIDATE,CANDIDATE,1,1
4273,FALSE POSITIVE,FALSE POSITIVE,1,0
4335,FALSE POSITIVE,FALSE POSITIVE,1,0
4432,FALSE POSITIVE,FALSE POSITIVE,1,0
4479,FALSE POSITIVE,FALSE POSITIVE,1,0
4802,FALSE POSITIVE,FALSE POSITIVE,1,0
4946,CANDIDATE,CANDIDATE,1,1
5119,FALSE POSITIVE,FALSE POSITIVE,1,0
5244,CANDIDATE,CANDIDATE,1,1
6570,FALSE POSITIVE,FALSE POSITIVE,1,0
6945,NOT DISPOSITIONED,NOT DISPOSITIONED,1,0
7195,NOT DISPOSITIONED,NOT DISPOSITIONED,1,0
5102,FALSE POSITIVE,FALSE POSITIVE,1.001,0
6249,FALSE POSITIVE,FALSE POSITIVE,1.002,0
553,FALSE POSITIVE,FALSE POSITIVE,1.005,0
4201,CANDIDATE,CANDIDATE,1.005,1
4867,CANDIDATE,CANDIDATE,1.008,1
4270,FALSE POSITIVE,FALSE POSITIVE,1.009,0
20,FALSE POSITIVE,FALSE POSITIVE,1.01,0
751,CANDIDATE,CANDIDATE,1.01,1
1069,CANDIDATE,CANDIDATE,1.01,1
2108,CANDIDATE,CANDIDATE,1.01,1
2111,CANDIDATE,CANDIDATE,1.01,1
2888,CANDIDATE,CANDIDATE,1.01,1
3958,FALSE POSITIVE,FALSE POSITIVE,1.01,0
4118,FALSE POSITIVE,FALSE POSITIVE,1.01,0
4150,CANDIDATE,CANDIDATE,1.01,1
4160,CANDIDATE,CANDIDATE,1.01,1
4177,CANDIDATE,CANDIDATE,1.01,1
5579,FALSE POSITIVE,FALSE POSITIVE,1.01,0
237,FALSE POSITIVE,FALSE POSITIVE,1.014,0
7170,NOT DISPOSITIONED,NOT DISPOSITIONED,1.016,0
7217,NOT DISPOSITIONED,NOT DISPOSITIONED,1.018,0
430,FALSE POSITIVE,FALSE POSITIVE,1.019,0
64,CANDIDATE,CANDIDATE,1.02,1
926,CANDIDATE,CANDIDATE,1.02,1
1283,FALSE POSITIVE,FALSE POSITIVE,1.02,0
1747,CANDIDATE,CANDIDATE,1.02,1
2240,CANDIDATE,CANDIDATE,1.02,1
2268,CANDIDATE,CANDIDATE,1.02,1
2491,CANDIDATE,CONFIRMED,1.02,1
2564,CANDIDATE,CANDIDATE,1.02,1
2982,CANDIDATE,CANDIDATE,1.02,1
2983,FALSE POSITIVE,FALSE POSITIVE,1.02,0
3369,CANDIDATE,CANDIDATE,1.02,1
3647,CANDIDATE,CANDIDATE,1.02,1
3956,FALSE POSITIVE,FALSE POSITIVE,1.02,0
4271,CANDIDATE,CANDIDATE,1.02,1
4319,FALSE POSITIVE,FALSE POSITIVE,1.02,0
4767,CANDIDATE,CANDIDATE,1.02,1
5531,FALSE POSITIVE,FALSE POSITIVE,1.02,0
5745,FALSE POSITIVE,FALSE POSITIVE,1.02,0
4301,FALSE POSITIVE,FALSE POSITIVE,1.023,0
7251,NOT DISPOSITIONED,NOT DISPOSITIONED,1.024,0
413,FALSE POSITIVE,FALSE POSITIVE,1.025,0
165,FALSE POSITIVE,FALSE POSITIVE,1.027,0
3870,CANDIDATE,CANDIDATE,1.027,1
4385,FALSE POSITIVE,FALSE POSITIVE,1.028,0
435,CANDIDATE,CANDIDATE,1.03,1
1761,CANDIDATE,CANDIDATE,1.03,1
2633,FALSE POSITIVE,FALSE POSITIVE,1.03,0
2776,CANDIDATE,CANDIDATE,1.03,1
3152,FALSE POSITIVE,FALSE POSITIVE,1.03,0
3212,CANDIDATE,CONFIRMED,1.03,1
3671,CANDIDATE,CONFIRMED,1.03,1
3696,FALSE POSITIVE,FALSE POSITIVE,1.03,0
3711,CANDIDATE,CANDIDATE,1.03,1
3881,CANDIDATE,CANDIDATE,1.03,1
3889,FALSE POSITIVE,FALSE POSITIVE,1.03,0
3998,CANDIDATE,CANDIDATE,1.03,1
4424,FALSE POSITIVE,FALSE POSITIVE,1.03,0
4508,CANDIDATE,CANDIDATE,1.03,1
5564,FALSE POSITIVE,FALSE POSITIVE,1.03,0
5580,CANDIDATE,CANDIDATE,1.03,1
5948,FALSE POSITIVE,FALSE POSITIVE,1.03,0
6191,CANDIDATE,CANDIDATE,1.03,1
6907,NOT DISPOSITIONED,NOT DISPOSITIONED,1.03,0
6375,NOT DISPOSITIONED,NOT DISPOSITIONED,1.033,0
5081,CANDIDATE,CANDIDATE,1.036,1
589,FALSE POSITIVE,FALSE POSITIVE,1.038,0
504,CANDIDATE,CANDIDATE,1.04,1
780,CANDIDATE,CANDIDATE,1.04,1
1799,CANDIDATE,CANDIDATE,1.04,1
1818,CANDIDATE,CANDIDATE,1.04,1
2436,CANDIDATE,CONFIRMED,1.04,1
2765,CANDIDATE,CANDIDATE,1.04,1
3007,CANDIDATE,CONFIRMED,1.04,1
3540,FALSE POSITIVE,FALSE POSITIVE,1.04,0
4376,CANDIDATE,CANDIDATE,1.04,1
5276,CANDIDATE,CANDIDATE,1.04,1
5500,FALSE POSITIVE,FALSE POSITIVE,1.04,0
6558,NOT DISPOSITIONED,NOT DISPOSITIONED,1.04,0
6746,NOT DISPOSITIONED,NOT DISPOSITIONED,1.04,0
197,CANDIDATE,CANDIDATE,1.041,1
6133,FALSE POSITIVE,FALSE POSITIVE,1.045,0
4965,CANDIDATE,CONFIRMED,1.046,1
460,FALSE POSITIVE,FALSE POSITIVE,1.048,0
4804,CANDIDATE,CANDIDATE,1.048,1
591,FALSE POSITIVE,FALSE POSITIVE,1.05,0
1382,CANDIDATE,CANDIDATE,1.05,1
1743,CANDIDATE,CANDIDATE,1.05,1
1776,CANDIDATE,CANDIDATE,1.05,1
1808,CANDIDATE,CANDIDATE,1.05,1
2055,CANDIDATE,CANDIDATE,1.05,1
2150,FALSE POSITIVE,FALSE POSITIVE,1.05,0
2467,CANDIDATE,CANDIDATE,1.05,1
2636,FALSE POSITIVE,FALSE POSITIVE,1.05,0
2725,CANDIDATE,CANDIDATE,1.05,1
3316,FALSE POSITIVE,FALSE POSITIVE,1.05,0
3327,CANDIDATE,CANDIDATE,1.05,1
3643,FALSE POSITIVE,FALSE POSITIVE,1.05,0
4025,CANDIDATE,CANDIDATE,1.05,1
4082,CANDIDATE,CANDIDATE,1.05,1
4235,CANDIDATE,CANDIDATE,1.05,1
5538,CANDIDATE,CANDIDATE,1.05,1
5563,CANDIDATE,CANDIDATE,1.05,1
6352,FALSE POSITIVE,FALSE POSITIVE,1.05,0
6524,CANDIDATE,CANDIDATE,1.05,1
3907,CANDIDATE,CANDIDATE,1.058,1
6917,NOT DISPOSITIONED,NOT DISPOSITIONED,1.059,0
721,FALSE POSITIVE,FALSE POSITIVE,1.06,0
839,CANDIDATE,CANDIDATE,1.06,1
930,CANDIDATE,CANDIDATE,1.06,1
1380,FALSE POSITIVE,FALSE POSITIVE,1.06,0
1426,CANDIDATE,CANDIDATE,1.06,1
1854,FALSE POSITIVE,FALSE POSITIVE,1.06,0
2622,CANDIDATE,CONFIRMED,1.06,1
2819,CANDIDATE,CANDIDATE,1.06,1
3367,CANDIDATE,CANDIDATE,1.06,1
3470,FALSE POSITIVE,FALSE POSITIVE,1.06,0
3484,CANDIDATE,CANDIDATE,1.06,1
3547,FALSE POSITIVE,FALSE POSITIVE,1.06,0
4079,FALSE POSITIVE,FALSE POSITIVE,1.06,0
7271,NOT DISPOSITIONED,NOT DISPOSITIONED,1.06,0
5243,CANDIDATE,CANDIDATE,1.061,1
6631,NOT DISPOSITIONED,NOT DISPOSITIONED,1.064,0
92,FALSE POSITIVE,FALSE POSITIVE,1.068,0
5225,CANDIDATE,CONFIRMED,1.069,1
760,CANDIDATE,CANDIDATE,1.07,1
1734,CANDIDATE,CANDIDATE,1.07,1
1998,FALSE POSITIVE,FALSE POSITIVE,1.07,0
2591,CANDIDATE,CONFIRMED,1.07,1
2612,CANDIDATE,CANDIDATE,1.07,1
2663,CANDIDATE,CANDIDATE,1.07,1
2882,CANDIDATE,CANDIDATE,1.07,1
3270,FALSE POSITIVE,FALSE POSITIVE,1.07,0
3964,CANDIDATE,CANDIDATE,1.07,1
3977,CANDIDATE,CANDIDATE,1.07,1
4246,CANDIDATE,CANDIDATE,1.07,1
4582,CANDIDATE,CANDIDATE,1.07,1
5221,FALSE POSITIVE,FALSE POSITIVE,1.071,0
5159,FALSE POSITIVE,FALSE POSITIVE,1.078,0
4207,CANDIDATE,CANDIDATE,1.079,1
39,CANDIDATE,CANDIDATE,1.08,1
521,CANDIDATE,CONFIRMED,1.08,1
1657,CANDIDATE,CANDIDATE,1.08,1
1822,CANDIDATE,CANDIDATE,1.08,1
2476,FALSE POSITIVE,FALSE POSITIVE,1.08,0
2687,CANDIDATE,CONFIRMED,1.08,1
3187,CANDIDATE,CONFIRMED,1.08,1
3377,CANDIDATE,CANDIDATE,1.08,1
3812,FALSE POSITIVE,FALSE POSITIVE,1.08,0
3861,FALSE POSITIVE,FALSE POSITIVE,1.08,0
4014,FALSE POSITIVE,FALSE POSITIVE,1.08,0
4151,CANDIDATE,CANDIDATE,1.08,1
4707,CANDIDATE,CANDIDATE,1.08,1
5529,CANDIDATE,CANDIDATE,1.08,1
6214,FALSE POSITIVE,FALSE POSITIVE,1.08,0
5464,FALSE POSITIVE,FALSE POSITIVE,1.0839,0
158,FALSE POSITIVE,FALSE POSITIVE,1.084,0
577,FALSE POSITIVE,FALSE POSITIVE,1.084,0
201,FALSE POSITIVE,FALSE POSITIVE,1.087,0
4305,CANDIDATE,CANDIDATE,1.088,1
837,CANDIDATE,CANDIDATE,1.09,1
1396,CANDIDATE,CANDIDATE,1.09,1
2118,CANDIDATE,CANDIDATE,1.09,1
2799,FALSE POSITIVE,FALSE POSITIVE,1.09,0
2825,CANDIDATE,CANDIDATE,1.09,1
3045,CANDIDATE,CANDIDATE,1.09,1
3138,CANDIDATE,CANDIDATE,1.09,1
3268,CANDIDATE,CONFIRMED,1.09,1
3412,CANDIDATE,CANDIDATE,1.09,1
3602,CANDIDATE,CANDIDATE,1.09,1
3933,CANDIDATE,CANDIDATE,1.09,1
4340,CANDIDATE,CANDIDATE,1.09,1
5861,CANDIDATE,CANDIDATE,1.09,1
5973,CANDIDATE,CANDIDATE,1.09,1
6530,FALSE POSITIVE,FALSE POSITIVE,1.09,0
6644,NOT DISPOSITIONED,NOT DISPOSITIONED,1.09,0
6796,NOT DISPOSITIONED,NOT DISPOSITIONED,1.09,0
6972,NOT DISPOSITIONED,NOT DISPOSITIONED,1.09,0
7244,NOT DISPOSITIONED,NOT DISPOSITIONED,1.092,0
4904,CANDIDATE,CANDIDATE,1.094,1
95,CANDIDATE,CANDIDATE,1.095,1
4417,CANDIDATE,CANDIDATE,1.097,1
7034,NOT DISPOSITIONED,NOT DISPOSITIONED,1.098,0
4310,FALSE POSITIVE,FALSE POSITIVE,1.0984,0
5106,FALSE POSITIVE,FALSE POSITIVE,1.099,0
31,FALSE POSITIVE,FALSE POSITIVE,1.1,0
499,CANDIDATE,CONFIRMED,1.1,1
603,FALSE POSITIVE,FALSE POSITIVE,1.1,0
1031,CANDIDATE,CANDIDATE,1.1,1
1265,CANDIDATE,CANDIDATE,1.1,1
1329,CANDIDATE,CANDIDATE,1.1,1
1830,CANDIDATE,CANDIDATE,1.1,1
1938,CANDIDATE,CANDIDATE,1.1,1
2686,CANDIDATE,CONFIRMED,1.1,1
2867,CANDIDATE,CANDIDATE,1.1,1
3433,CANDIDATE,CANDIDATE,1.1,1
3598,CANDIDATE,CANDIDATE,1.1,1
3976,CANDIDATE,CANDIDATE,1.1,1
4012,CANDIDATE,CANDIDATE,1.1,1
4249,FALSE POSITIVE,FALSE POSITIVE,1.1,0
4251,FALSE POSITIVE,FALSE POSITIVE,1.1,0
4261,CANDIDATE,CANDIDATE,1.1,1
4356,CANDIDATE,CANDIDATE,1.1,1
4403,FALSE POSITIVE,FALSE POSITIVE,1.1,0
4728,FALSE POSITIVE,FALSE POSITIVE,1.1,0
4805,CANDIDATE,CANDIDATE,1.1,1
4811,FALSE POSITIVE,FALSE POSITIVE,1.1,0
4936,CANDIDATE,CANDIDATE,1.1,1
5148,CANDIDATE,CANDIDATE,1.1,1
5180,CANDIDATE,CANDIDATE,1.1,1
5634,FALSE POSITIVE,FALSE POSITIVE,1.1,0
6097,NOT DISPOSITIONED,NOT DISPOSITIONED,1.1,0
6316,NOT DISPOSITIONED,NOT DISPOSITIONED,1.1,0
6756,FALSE POSITIVE,FALSE POSITIVE,1.1,0
123,FALSE POSITIVE,FALSE POSITIVE,1.101,0
4107,CANDIDATE,CANDIDATE,1.101,1
4431,FALSE POSITIVE,FALSE POSITIVE,1.101,0
7222,NOT DISPOSITIONED,NOT DISPOSITIONED,1.101,0
170,FALSE POSITIVE,FALSE POSITIVE,1.103,0
205,FALSE POSITIVE,FALSE POSITIVE,1.104,0
5836,NOT DISPOSITIONED,NOT DISPOSITIONED,1.104,0
4452,CANDIDATE,CANDIDATE,1.106,1
529,FALSE POSITIVE,FALSE POSITIVE,1.108,0
7067,NOT DISPOSITIONED,NOT DISPOSITIONED,1.108,0
1243,CANDIDATE,CONFIRMED,1.11,1
1308,CANDIDATE,CONFIRMED,1.11,1
1384,FALSE POSITIVE,FALSE POSITIVE,1.11,0
1682,CANDIDATE,CANDIDATE,1.11,1
1688,FALSE POSITIVE,FALSE POSITIVE,1.11,0
1755,FALSE POSITIVE,FALSE POSITIVE,1.11,0
1827,FALSE POSITIVE,FALSE POSITIVE,1.11,0
1879,CANDIDATE,CONFIRMED,1.11,1
1984,FALSE POSITIVE,FALSE POSITIVE,1.11,0
2068,FALSE POSITIVE,FALSE POSITIVE,1.11,0
2229,CANDIDATE,CANDIDATE,1.11,1
2379,CANDIDATE,CANDIDATE,1.11,1
2634,CANDIDATE,CONFIRMED,1.11,1
2804,CANDIDATE,CONFIRMED,1.11,1
3312,CANDIDATE,CANDIDATE,1.11,1
3373,CANDIDATE,CANDIDATE,1.11,1
3732,CANDIDATE,CONFIRMED,1.11,1
3874,CANDIDATE,CANDIDATE,1.11,1
3900,FALSE POSITIVE,FALSE POSITIVE,1.11,0
4223,CANDIDATE,CANDIDATE,1.11,1
4253,CANDIDATE,CANDIDATE,1.11,1
4304,CANDIDATE,CANDIDATE,1.11,1
4379,CANDIDATE,CANDIDATE,1.11,1
5040,CANDIDATE,CANDIDATE,1.11,1
5767,FALSE POSITIVE,FALSE POSITIVE,1.11,0
4761,CANDIDATE,CANDIDATE,1.111,1
98,FALSE POSITIVE,FALSE POSITIVE,1.112,0
4749,CANDIDATE,CANDIDATE,1.113,1
4212,FALSE POSITIVE,FALSE POSITIVE,1.114,0
4327,CANDIDATE,CANDIDATE,1.115,1
5895,NOT DISPOSITIONED,NOT DISPOSITIONED,1.115,0
4753,CANDIDATE,CANDIDATE,1.116,1
4950,CANDIDATE,CANDIDATE,1.116,1
7275,NOT DISPOSITIONED,NOT DISPOSITIONED,1.118,0
66,CANDIDATE,CANDIDATE,1.12,1
758,FALSE POSITIVE,FALSE POSITIVE,1.12,0
879,CANDIDATE,CANDIDATE,1.12,1
900,CANDIDATE,CANDIDATE,1.12,1
1666,CANDIDATE,CANDIDATE,1.12,1
1835,FALSE POSITIVE,FALSE POSITIVE,1.12,0
2186,CANDIDATE,CANDIDATE,1.12,1
2228,CANDIDATE,CANDIDATE,1.12,1
2330,CANDIDATE,CANDIDATE,1.12,1
2494,CANDIDATE,CANDIDATE,1.12,1
2561,CANDIDATE,CANDIDATE,1.12,1
2822,CANDIDATE,CONFIRMED,1.12,1
2978,FALSE POSITIVE,FALSE POSITIVE,1.12,0
3036,CANDIDATE,CONFIRMED,1.12,1
3425,CANDIDATE,CANDIDATE,1.12,1
3651,CANDIDATE,CANDIDATE,1.12,1
4254,CANDIDATE,CANDIDATE,1.12,1
4315,CANDIDATE,CANDIDATE,1.12,1
5574,FALSE POSITIVE,FALSE POSITIVE,1.12,0
5733,FALSE POSITIVE,FALSE POSITIVE,1.12,0
5823,FALSE POSITIVE,FALSE POSITIVE,1.12,0
6924,CANDIDATE,CANDIDATE,1.12,1
6992,NOT DISPOSITIONED,NOT DISPOSITIONED,1.12,0
4003,CANDIDATE,CANDIDATE,1.122,1
4180,FALSE POSITIVE,FALSE POSITIVE,1.126,0
5342,CANDIDATE,CANDIDATE,1.129,1
6787,NOT DISPOSITIONED,NOT DISPOSITIONED,1.129,0
75,FALSE POSITIVE,FALSE POSITIVE,1.13,0
1082,CANDIDATE,CONFIRMED,1.13,1
1273,CANDIDATE,CANDIDATE,1.13,1
1395,CANDIDATE,CANDIDATE,1.13,1
1650,CANDIDATE,CANDIDATE,1.13,1
1829,CANDIDATE,CONFIRMED,1.13,1
1905,FALSE POSITIVE,FALSE POSITIVE,1.13,0
1931,CANDIDATE,CANDIDATE,1.13,1
2101,CANDIDATE,CANDIDATE,1.13,1
2135,CANDIDATE,CONFIRMED,1.13,1
3220,FALSE POSITIVE,FALSE POSITIVE,1.13,0
3328,CANDIDATE,CANDIDATE,1.13,1
3440,CANDIDATE,CANDIDATE,1.13,1
3483,CANDIDATE,CONFIRMED,1.13,1
3536,CANDIDATE,CONFIRMED,1.13,1
3599,CANDIDATE,CANDIDATE,1.13,1
3955,FALSE POSITIVE,FALSE POSITIVE,1.13,0
4078,CANDIDATE,CANDIDATE,1.13,1
4693,CANDIDATE,CANDIDATE,1.13,1
5223,CANDIDATE,CONFIRMED,1.13,1
5969,NOT DISPOSITIONED,NOT DISPOSITIONED,1.13,0
6229,FALSE POSITIVE,FALSE POSITIVE,1.13,0
6568,NOT DISPOSITIONED,NOT DISPOSITIONED,1.13,0
7272,NOT DISPOSITIONED,NOT DISPOSITIONED,1.133,0
5343,FALSE POSITIVE,FALSE POSITIVE,1.138,0
4550,CANDIDATE,CANDIDATE,1.139,1
4361,FALSE POSITIVE,FALSE POSITIVE,1.1392,0
383,FALSE POSITIVE,FALSE POSITIVE,1.14,0
632,CANDIDATE,CANDIDATE,1.14,1
1024,CANDIDATE,CANDIDATE,1.14,1
2059,CANDIDATE,CANDIDATE,1.14,1
2195,CANDIDATE,CANDIDATE,1.14,1
2331,CANDIDATE,CANDIDATE,1.14,1
2451,CANDIDATE,CANDIDATE,1.14,1
2537,CANDIDATE,CANDIDATE,1.14,1
2555,FALSE POSITIVE,FALSE POSITIVE,1.14,0
2559,CANDIDATE,CANDIDATE,1.14,1
2653,CANDIDATE,CONFIRMED,1.14,1
3379,CANDIDATE,CANDIDATE,1.14,1
3497,CANDIDATE,CANDIDATE,1.14,1
3773,CANDIDATE,CONFIRMED,1.14,1
4046,FALSE POSITIVE,FALSE POSITIVE,1.14,0
4419,FALSE POSITIVE,FALSE POSITIVE,1.14,0
4468,FALSE POSITIVE,FALSE POSITIVE,1.14,0
5783,FALSE POSITIVE,FALSE POSITIVE,1.14,0
5988,NOT DISPOSITIONED,NOT DISPOSITIONED,1.14,0
6138,FALSE POSITIVE,FALSE POSITIVE,1.14,0
6521,FALSE POSITIVE,FALSE POSITIVE,1.14,0
6288,NOT DISPOSITIONED,NOT DISPOSITIONED,1.142,0
5300,FALSE POSITIVE,FALSE POSITIVE,1.143,0
309,FALSE POSITIVE,FALSE POSITIVE,1.15,0
1045,CANDIDATE,CANDIDATE,1.15,1
1113,CANDIDATE,CANDIDATE,1.15,1
1260,CANDIDATE,CANDIDATE,1.15,1
1310,CANDIDATE,CONFIRMED,1.15,1
1523,CANDIDATE,CANDIDATE,1.15,1
1538,CANDIDATE,CANDIDATE,1.15,1
1681,CANDIDATE,CANDIDATE,1.15,1
1903,CANDIDATE,CANDIDATE,1.15,1
2116,CANDIDATE,CONFIRMED,1.15,1
2218,FALSE POSITIVE,FALSE POSITIVE,1.15,0
3049,CANDIDATE,CANDIDATE,1.15,1
3365,CANDIDATE,CANDIDATE,1.15,1
4122,FALSE POSITIVE,FALSE POSITIVE,1.15,0
4786,CANDIDATE,CANDIDATE,1.15,1
4832,CANDIDATE,CANDIDATE,1.15,1
4863,CANDIDATE,CANDIDATE,1.15,1
5551,FALSE POSITIVE,FALSE POSITIVE,1.15,0
5555,FALSE POSITIVE,FALSE POSITIVE,1.15,0
5856,FALSE POSITIVE,FALSE POSITIVE,1.15,0
6294,CANDIDATE,CANDIDATE,1.15,1
6572,FALSE POSITIVE,FALSE POSITIVE,1.15,0
6009,NOT DISPOSITIONED,NOT DISPOSITIONED,1.151,0
4841,CANDIDATE,CANDIDATE,1.152,1
6946,NOT DISPOSITIONED,NOT DISPOSITIONED,1.152,0
5945,NOT DISPOSITIONED,NOT DISPOSITIONED,1.154,0
5218,FALSE POSITIVE,FALSE POSITIVE,1.158,0
598,FALSE POSITIVE,FALSE POSITIVE,1.16,0
1646,CANDIDATE,CANDIDATE,1.16,1
1660,CANDIDATE,CONFIRMED,1.16,1
1698,FALSE POSITIVE,FALSE POSITIVE,1.16,0
1881,CANDIDATE,CONFIRMED,1.16,1
2133,CANDIDATE,CANDIDATE,1.16,1
2749,CANDIDATE,CONFIRMED,1.16,1
2843,CANDIDATE,CONFIRMED,1.16,1
2997,CANDIDATE,CONFIRMED,1.16,1
3001,CANDIDATE,CANDIDATE,1.16,1
5627,CANDIDATE,CONFIRMED,1.16,1
5680,FALSE POSITIVE,FALSE POSITIVE,1.16,0
6333,FALSE POSITIVE,FALSE POSITIVE,1.16,0
6894,NOT DISPOSITIONED,NOT DISPOSITIONED,1.16,0
6910,FALSE POSITIVE,FALSE POSITIVE,1.16,0
7254,NOT DISPOSITIONED,NOT DISPOSITIONED,1.16,0
128,CANDIDATE,CANDIDATE,1.162,1
4825,FALSE POSITIVE,FALSE POSITIVE,1.163,0
6557,CANDIDATE,CANDIDATE,1.163,1
510,FALSE POSITIVE,FALSE POSITIVE,1.164,0
4813,FALSE POSITIVE,FALSE POSITIVE,1.165,0
7175,NOT DISPOSITIONED,NOT DISPOSITIONED,1.166,0
1,CANDIDATE,CANDIDATE,1.167,1
16,CANDIDATE,CANDIDATE,1.17,1
30,CANDIDATE,CANDIDATE,1.17,1
57,CANDIDATE,CANDIDATE,1.17,1
763,CANDIDATE,CANDIDATE,1.17,1
1583,CANDIDATE,CANDIDATE,1.17,1
2385,CANDIDATE,CANDIDATE,1.17,1
2796,FALSE POSITIVE,FALSE POSITIVE,1.17,0
2890,CANDIDATE,CANDIDATE,1.17,1
3184,CANDIDATE,CANDIDATE,1.17,1
3219,CANDIDATE,CANDIDATE,1.17,1
3639,CANDIDATE,CONFIRMED,1.17,1
3702,FALSE POSITIVE,FALSE POSITIVE,1.17,0
3731,CANDIDATE,CONFIRMED,1.17,1
3742,CANDIDATE,CONFIRMED,1.17,1
4195,FALSE POSITIVE,FALSE POSITIVE,1.17,0
4303,FALSE POSITIVE,FALSE POSITIVE,1.17,0
4496,FALSE POSITIVE,FALSE POSITIVE,1.17,0
5073,CANDIDATE,CANDIDATE,1.17,1
5158,CANDIDATE,CANDIDATE,1.17,1
5597,FALSE POSITIVE,FALSE POSITIVE,1.17,0
5843,FALSE POSITIVE,FALSE POSITIVE,1.17,0
6414,NOT DISPOSITIONED,NOT DISPOSITIONED,1.17,0
6668,FALSE POSITIVE,FALSE POSITIVE,1.17,0
6379,FALSE POSITIVE,FALSE POSITIVE,1.171,0
6844,NOT DISPOSITIONED,NOT DISPOSITIONED,1.171,0
4119,FALSE POSITIVE,FALSE POSITIVE,1.175,0
4370,CANDIDATE,CANDIDATE,1.176,1
6021,NOT DISPOSITIONED,NOT DISPOSITIONED,1.178,0
6107,CANDIDATE,CANDIDATE,1.178,1
4433,FALSE POSITIVE,FALSE POSITIVE,1.179,0
232,FALSE POSITIVE,FALSE POSITIVE,1.18,0
631,CANDIDATE,CANDIDATE,1.18,1
806,CANDIDATE,CONFIRMED,1.18,1
1762,CANDIDATE,CANDIDATE,1.18,1
1853,FALSE POSITIVE,FALSE POSITIVE,1.18,0
1983,FALSE POSITIVE,FALSE POSITIVE,1.18,0
2061,CANDIDATE,CANDIDATE,1.18,1
2073,CANDIDATE,CANDIDATE,1.18,1
2401,CANDIDATE,CONFIRMED,1.18,1
3035,CANDIDATE,CONFIRMED,1.18,1
3142,CANDIDATE,CONFIRMED,1.18,1
3272,CANDIDATE,CANDIDATE,1.18,1
3552,CANDIDATE,CANDIDATE,1.18,1
3826,CANDIDATE,CONFIRMED,1.18,1
4058,FALSE POSITIVE,FALSE POSITIVE,1.18,0
4217,CANDIDATE,CANDIDATE,1.18,1
4257,CANDIDATE,CANDIDATE,1.18,1
4314,FALSE POSITIVE,FALSE POSITIVE,1.18,0
4351,FALSE POSITIVE,FALSE POSITIVE,1.18,0
4423,FALSE POSITIVE,FALSE POSITIVE,1.18,0
5665,FALSE POSITIVE,FALSE POSITIVE,1.18,0
5880,NOT DISPOSITIONED,NOT DISPOSITIONED,1.18,0
6731,CANDIDATE,CANDIDATE,1.18,1
483,FALSE POSITIVE,FALSE POSITIVE,1.189,0
748,CANDIDATE,CONFIRMED,1.19,1
1391,FALSE POSITIVE,FALSE POSITIVE,1.19,0
1658,CANDIDATE,CONFIRMED,1.19,1
2056,CANDIDATE,CANDIDATE,1.19,1
2414,FALSE POSITIVE,FALSE POSITIVE,1.19,0
2793,CANDIDATE,CANDIDATE,1.19,1
3040,FALSE POSITIVE,FALSE POSITIVE,1.19,0
3276,FALSE POSITIVE,FALSE POSITIVE,1.19,0
3538,FALSE POSITIVE,FALSE POSITIVE,1.19,0
4129,FALSE POSITIVE,FALSE POSITIVE,1.19,0
4290,FALSE POSITIVE,FALSE POSITIVE,1.19,0
4704,CANDIDATE,CANDIDATE,1.19,1
4715,CANDIDATE,CANDIDATE,1.19,1
4762,CANDIDATE,CANDIDATE,1.19,1
5535,FALSE POSITIVE,FALSE POSITIVE,1.19,0
5965,NOT DISPOSITIONED,NOT DISPOSITIONED,1.19,0
6044,FALSE POSITIVE,FALSE POSITIVE,1.19,0
6192,NOT DISPOSITIONED,NOT DISPOSITIONED,1.19,0
6448,FALSE POSITIVE,FALSE POSITIVE,1.19,0
6971,NOT DISPOSITIONED,NOT DISPOSITIONED,1.19,0
5303,CANDIDATE,CANDIDATE,1.191,1
4766,CANDIDATE,CANDIDATE,1.192,1
7043,NOT DISPOSITIONED,NOT DISPOSITIONED,1.193,0
124,FALSE POSITIVE,FALSE POSITIVE,1.194,0
210,CANDIDATE,CANDIDATE,1.2,1
225,CANDIDATE,CONFIRMED,1.2,1
384,FALSE POSITIVE,FALSE POSITIVE,1.2,0
484,FALSE POSITIVE,FALSE POSITIVE,1.2,0
853,FALSE POSITIVE,FALSE POSITIVE,1.2,0
1536,CANDIDATE,CANDIDATE,1.2,1
1900,CANDIDATE,CONFIRMED,1.2,1
1995,FALSE POSITIVE,FALSE POSITIVE,1.2,0
2000,CANDIDATE,CANDIDATE,1.2,1
2124,CANDIDATE,CANDIDATE,1.2,1
2490,CANDIDATE,CONFIRMED,1.2,1
2570,FALSE POSITIVE,FALSE POSITIVE,1.2,0
2589,CANDIDATE,CONFIRMED,1.2,1
3326,CANDIDATE,CANDIDATE,1.2,1
3488,CANDIDATE,CANDIDATE,1.2,1
3894,FALSE POSITIVE,FALSE POSITIVE,1.2,0
3937,FALSE POSITIVE,FALSE POSITIVE,1.2,0
3992,CANDIDATE,CANDIDATE,1.2,1
4031,FALSE POSITIVE,FALSE POSITIVE,1.2,0
4055,FALSE POSITIVE,FALSE POSITIVE,1.2,0
4262,FALSE POSITIVE,FALSE POSITIVE,1.2,0
4316,CANDIDATE,CANDIDATE,1.2,1
4365,CANDIDATE,CANDIDATE,1.2,1
4381,CANDIDATE,CANDIDATE,1.2,1
4450,FALSE POSITIVE,FALSE POSITIVE,1.2,0
4469,FALSE POSITIVE,FALSE POSITIVE,1.2,0
4652,CANDIDATE,CANDIDATE,1.2,1
4730,FALSE POSITIVE,FALSE POSITIVE,1.2,0
4768,FALSE POSITIVE,FALSE POSITIVE,1.2,0
4853,FALSE POSITIVE,FALSE POSITIVE,1.2,0
4975,FALSE POSITIVE,FALSE POSITIVE,1.2,0
5248,FALSE POSITIVE,FALSE POSITIVE,1.2,0
5486,FALSE POSITIVE,FALSE POSITIVE,1.2,0
5728,FALSE POSITIVE,FALSE POSITIVE,1.2,0
5871,NOT DISPOSITIONED,NOT DISPOSITIONED,1.2,0
7138,NOT DISPOSITIONED,NOT DISPOSITIONED,1.2,0
6127,NOT DISPOSITIONED,NOT DISPOSITIONED,1.203,0
6504,FALSE POSITIVE,FALSE POSITIVE,1.203,0
3893,FALSE POSITIVE,FALSE POSITIVE,1.204,0
4470,CANDIDATE,CANDIDATE,1.204,1
5267,FALSE POSITIVE,FALSE POSITIVE,1.204,0
99,FALSE POSITIVE,FALSE POSITIVE,1.21,0
1276,CANDIDATE,CANDIDATE,1.21,1
1533,CANDIDATE,CANDIDATE,1.21,1
1904,CANDIDATE,CANDIDATE,1.21,1
2244,CANDIDATE,CANDIDATE,1.21,1
2632,FALSE POSITIVE,FALSE POSITIVE,1.21,0
2873,CANDIDATE,CONFIRMED,1.21,1
3218,CANDIDATE,CANDIDATE,1.21,1
3419,FALSE POSITIVE,FALSE POSITIVE,1.21,0
3591,CANDIDATE,CANDIDATE,1.21,1
4363,FALSE POSITIVE,FALSE POSITIVE,1.21,0
4442,FALSE POSITIVE,FALSE POSITIVE,1.21,0
4454,FALSE POSITIVE,FALSE POSITIVE,1.21,0
4793,FALSE POSITIVE,FALSE POSITIVE,1.21,0
5256,FALSE POSITIVE,FALSE POSITIVE,1.21,0
5547,CANDIDATE,CANDIDATE,1.21,1
5711,FALSE POSITIVE,FALSE POSITIVE,1.21,0
6720,FALSE POSITIVE,FALSE POSITIVE,1.21,0
6727,NOT DISPOSITIONED,NOT DISPOSITIONED,1.21,0
4321,CANDIDATE,CANDIDATE,1.211,1
4392,CANDIDATE,CANDIDATE,1.213,1
6148,NOT DISPOSITIONED,NOT DISPOSITIONED,1.219,0
54,FALSE POSITIVE,FALSE POSITIVE,1.22,0
131,CANDIDATE,CANDIDATE,1.22,1
859,FALSE POSITIVE,FALSE POSITIVE,1.22,0
1758,CANDIDATE,CANDIDATE,1.22,1
3201,CANDIDATE,CANDIDATE,1.22,1
3287,CANDIDATE,CANDIDATE,1.22,1
3333,FALSE POSITIVE,FALSE POSITIVE,1.22,0
3431,CANDIDATE,CANDIDATE,1.22,1
3499,CANDIDATE,CONFIRMED,1.22,1
4185,FALSE POSITIVE,FALSE POSITIVE,1.22,0
4465,CANDIDATE,CANDIDATE,1.22,1
4722,CANDIDATE,CANDIDATE,1.22,1
4750,CANDIDATE,CANDIDATE,1.22,1
5406,FALSE POSITIVE,FALSE POSITIVE,1.22,0
5468,FALSE POSITIVE,FALSE POSITIVE,1.22,0
5497,CANDIDATE,CANDIDATE,1.22,1
5562,FALSE POSITIVE,FALSE POSITIVE,1.22,0
5759,FALSE POSITIVE,FALSE POSITIVE,1.22,0
6023,CANDIDATE,CANDIDATE,1.22,1
6704,NOT DISPOSITIONED,NOT DISPOSITIONED,1.22,0
3995,CANDIDATE,CANDIDATE,1.221,1
4128,CANDIDATE,CANDIDATE,1.222,1
5375,FALSE POSITIVE,FALSE POSITIVE,1.222,0
6961,NOT DISPOSITIONED,NOT DISPOSITIONED,1.225,0
4157,CANDIDATE,CANDIDATE,1.227,1
4396,CANDIDATE,CANDIDATE,1.228,1
5373,FALSE POSITIVE,FALSE POSITIVE,1.229,0
181,CANDIDATE,CONFIRMED,1.23,1
818,CANDIDATE,CONFIRMED,1.23,1
925,CANDIDATE,CANDIDATE,1.23,1
934,CANDIDATE,CANDIDATE,1.23,1
1289,CANDIDATE,CONFIRMED,1.23,1
1714,CANDIDATE,CONFIRMED,1.23,1
1838,CANDIDATE,CANDIDATE,1.23,1
1979,FALSE POSITIVE,FALSE POSITIVE,1.23,0
2029,CANDIDATE,CANDIDATE,1.23,1
2102,CANDIDATE,CANDIDATE,1.23,1
2193,CANDIDATE,CANDIDATE,1.23,1
2554,CANDIDATE,CANDIDATE,1.23,1
2876,CANDIDATE,CANDIDATE,1.23,1
2928,CANDIDATE,CANDIDATE,1.23,1
3096,CANDIDATE,CANDIDATE,1.23,1
3438,CANDIDATE,CANDIDATE,1.23,1
3740,CANDIDATE,CONFIRMED,1.23,1
3789,CANDIDATE,CONFIRMED,1.23,1
3883,FALSE POSITIVE,FALSE POSITIVE,1.23,0
4418,CANDIDATE,CANDIDATE,1.23,1
4724,CANDIDATE,CANDIDATE,1.23,1
4906,CANDIDATE,CANDIDATE,1.23,1
5392,FALSE POSITIVE,FALSE POSITIVE,1.23,0
5508,FALSE POSITIVE,FALSE POSITIVE,1.23,0
5976,NOT DISPOSITIONED,NOT DISPOSITIONED,1.23,0
6010,FALSE POSITIVE,FALSE POSITIVE,1.23,0
6535,CANDIDATE,CANDIDATE,1.23,1
5161,FALSE POSITIVE,FALSE POSITIVE,1.233,0
4474,CANDIDATE,CANDIDATE,1.234,1
4835,CANDIDATE,CANDIDATE,1.234,1
6861,NOT DISPOSITIONED,NOT DISPOSITIONED,1.235,0
350,FALSE POSITIVE,FALSE POSITIVE,1.236,0
5341,FALSE POSITIVE,FALSE POSITIVE,1.236,0
4923,CANDIDATE,CONFIRMED,1.2381,1
4047,CANDIDATE,CANDIDATE,1.239,1
406,FALSE POSITIVE,FALSE POSITIVE,1.24,0
627,CANDIDATE,CONFIRMED,1.24,1
902,CANDIDATE,CANDIDATE,1.24,1
929,FALSE POSITIVE,FALSE POSITIVE,1.24,0
1070,FALSE POSITIVE,FALSE POSITIVE,1.24,0
1625,CANDIDATE,CANDIDATE,1.24,1
1847,CANDIDATE,CONFIRMED,1.24,1
1874,CANDIDATE,CONFIRMED,1.24,1
2387,CANDIDATE,CANDIDATE,1.24,1
2783,CANDIDATE,CANDIDATE,1.24,1
2922,FALSE POSITIVE,FALSE POSITIVE,1.24,0
3385,CANDIDATE,CANDIDATE,1.24,1
3886,CANDIDATE,CANDIDATE,1.24,1
3932,FALSE POSITIVE,FALSE POSITIVE,1.24,0
4085,FALSE POSITIVE,FALSE POSITIVE,1.24,0
4275,FALSE POSITIVE,FALSE POSITIVE,1.24,0
4323,CANDIDATE,CANDIDATE,1.24,1
5002,CANDIDATE,CANDIDATE,1.24,1
5421,FALSE POSITIVE,FALSE POSITIVE,1.24,0
5536,FALSE POSITIVE,FALSE POSITIVE,1.24,0
5701,FALSE POSITIVE,FALSE POSITIVE,1.24,0
6215,CANDIDATE,CANDIDATE,1.24,1
6329,FALSE POSITIVE,FALSE POSITIVE,1.24,0
6872,CANDIDATE,CANDIDATE,1.24,1
6619,NOT DISPOSITIONED,NOT DISPOSITIONED,1.241,0
4179,CANDIDATE,CANDIDATE,1.247,1
6003,NOT DISPOSITIONED,NOT DISPOSITIONED,1.247,0
7088,NOT DISPOSITIONED,NOT DISPOSITIONED,1.247,0
5907,CANDIDATE,CANDIDATE,1.248,1
533,FALSE POSITIVE,FALSE POSITIVE,1.25,0
615,CANDIDATE,CANDIDATE,1.25,1
713,FALSE POSITIVE,FALSE POSITIVE,1.25,0
1122,CANDIDATE,CANDIDATE,1.25,1
1566,FALSE POSITIVE,FALSE POSITIVE,1.25,0
1793,CANDIDATE,CONFIRMED,1.25,1
2784,CANDIDATE,CANDIDATE,1.25,1
3601,CANDIDATE,CANDIDATE,1.25,1
3606,FALSE POSITIVE,FALSE POSITIVE,1.25,0
3609,CANDIDATE,CANDIDATE,1.25,1
3808,CANDIDATE,CANDIDATE,1.25,1
4110,FALSE POSITIVE,FALSE POSITIVE,1.25,0
4509,CANDIDATE,CANDIDATE,1.25,1
6090,NOT DISPOSITIONED,NOT DISPOSITIONED,1.25,0
534,FALSE POSITIVE,FALSE POSITIVE,1.251,0
5308,FALSE POSITIVE,FALSE POSITIVE,1.251,0
4286,CANDIDATE,CANDIDATE,1.255,1
4288,CANDIDATE,CONFIRMED,1.256,1
5189,FALSE POSITIVE,FALSE POSITIVE,1.258,0
261,CANDIDATE,CONFIRMED,1.26,1
346,FALSE POSITIVE,FALSE POSITIVE,1.26,0
1054,CANDIDATE,CANDIDATE,1.26,1
1672,FALSE POSITIVE,FALSE POSITIVE,1.26,0
1956,CANDIDATE,CANDIDATE,1.26,1
2091,CANDIDATE,CANDIDATE,1.26,1
2213,CANDIDATE,CANDIDATE,1.26,1
2400,CANDIDATE,CONFIRMED,1.26,1
2624,CANDIDATE,CANDIDATE,1.26,1
2674,CANDIDATE,CONFIRMED,1.26,1
2881,FALSE POSITIVE,FALSE POSITIVE,1.26,0
3343,CANDIDATE,CONFIRMED,1.26,1
3541,FALSE POSITIVE,FALSE POSITIVE,1.26,0
3655,CANDIDATE,CANDIDATE,1.26,1
4075,CANDIDATE,CANDIDATE,1.26,1
4281,CANDIDATE,CANDIDATE,1.26,1
4388,FALSE POSITIVE,FALSE POSITIVE,1.26,0
4892,FALSE POSITIVE,FALSE POSITIVE,1.26,0
4918,CANDIDATE,CANDIDATE,1.26,1
5602,FALSE POSITIVE,FALSE POSITIVE,1.26,0
6035,NOT DISPOSITIONED,NOT DISPOSITIONED,1.26,0
6198,CANDIDATE,CANDIDATE,1.26,1
6444,FALSE POSITIVE,FALSE POSITIVE,1.26,0
5465,CANDIDATE,CANDIDATE,1.262,1
5041,CANDIDATE,CANDIDATE,1.264,1
7213,NOT DISPOSITIONED,NOT DISPOSITIONED,1.266,0
6868,FALSE POSITIVE,FALSE POSITIVE,1.2665,0
4084,CANDIDATE,CANDIDATE,1.268,1
4411,CANDIDATE,CANDIDATE,1.269,1
554,FALSE POSITIVE,FALSE POSITIVE,1.27,0
773,CANDIDATE,CANDIDATE,1.27,1
1081,CANDIDATE,CONFIRMED,1.27,1
1703,FALSE POSITIVE,FALSE POSITIVE,1.27,0
2158,CANDIDATE,CANDIDATE,1.27,1
2409,CANDIDATE,CANDIDATE,1.27,1
2753,CANDIDATE,CONFIRMED,1.27,1
2802,CANDIDATE,CANDIDATE,1.27,1
3274,CANDIDATE,CANDIDATE,1.27,1
3411,CANDIDATE,CONFIRMED,1.27,1
4213,CANDIDATE,CANDIDATE,1.27,1
4292,FALSE POSITIVE,FALSE POSITIVE,1.27,0
5853,CANDIDATE,CANDIDATE,1.27,1
5901,NOT DISPOSITIONED,NOT DISPOSITIONED,1.27,0
5923,FALSE POSITIVE,FALSE POSITIVE,1.27,0
6299,CANDIDATE,CANDIDATE,1.27,1
6581,FALSE POSITIVE,FALSE POSITIVE,1.27,0
6853,FALSE POSITIVE,FALSE POSITIVE,1.272,0
79,FALSE POSITIVE,FALSE POSITIVE,1.274,0
6405,NOT DISPOSITIONED,NOT DISPOSITIONED,1.275,0
105,FALSE POSITIVE,FALSE POSITIVE,1.276,0
4348,CANDIDATE,CANDIDATE,1.276,1
4345,CANDIDATE,CANDIDATE,1.277,1
4193,CANDIDATE,CANDIDATE,1.278,1
447,CANDIDATE,CONFIRMED,1.28,1
516,CANDIDATE,CONFIRMED,1.28,1
821,CANDIDATE,CANDIDATE,1.28,1
1239,CANDIDATE,CANDIDATE,1.28,1
1348,CANDIDATE,CANDIDATE,1.28,1
1504,CANDIDATE,CANDIDATE,1.28,1
1567,CANDIDATE,CANDIDATE,1.28,1
1694,CANDIDATE,CANDIDATE,1.28,1
1828,FALSE POSITIVE,FALSE POSITIVE,1.28,0
1844,CANDIDATE,CONFIRMED,1.28,1
1993,FALSE POSITIVE,FALSE POSITIVE,1.28,0
2134,CANDIDATE,CONFIRMED,1.28,1
2509,CANDIDATE,CANDIDATE,1.28,1
3322,FALSE POSITIVE,FALSE POSITIVE,1.28,0
3443,CANDIDATE,CONFIRMED,1.28,1
3596,FALSE POSITIVE,FALSE POSITIVE,1.28,0
3627,CANDIDATE,CONFIRMED,1.28,1
3867,FALSE POSITIVE,FALSE POSITIVE,1.28,0
4062,CANDIDATE,CANDIDATE,1.28,1
4090,CANDIDATE,CANDIDATE,1.28,1
4297,FALSE POSITIVE,FALSE POSITIVE,1.28,0
4475,FALSE POSITIVE,FALSE POSITIVE,1.28,0
5658,FALSE POSITIVE,FALSE POSITIVE,1.28,0
5743,FALSE POSITIVE,FALSE POSITIVE,1.28,0
5764,FALSE POSITIVE,FALSE POSITIVE,1.28,0
5873,FALSE POSITIVE,FALSE POSITIVE,1.28,0
5896,CANDIDATE,CANDIDATE,1.28,1
6407,FALSE POSITIVE,FALSE POSITIVE,1.28,0
6474,NOT DISPOSITIONED,NOT DISPOSITIONED,1.28,0
7237,NOT DISPOSITIONED,NOT DISPOSITIONED,1.28,0
7250,NOT DISPOSITIONED,NOT DISPOSITIONED,1.28,0
4855,FALSE POSITIVE,FALSE POSITIVE,1.283,0
5032,CANDIDATE,CANDIDATE,1.283,1
4788,CANDIDATE,CANDIDATE,1.284,1
5238,FALSE POSITIVE,FALSE POSITIVE,1.284,0
6602,CANDIDATE,CANDIDATE,1.287,1
7202,NOT DISPOSITIONED,NOT DISPOSITIONED,1.288,0
405,FALSE POSITIVE,FALSE POSITIVE,1.289,0
935,FALSE POSITIVE,FALSE POSITIVE,1.29,0
939,CANDIDATE,CONFIRMED,1.29,1
1774,CANDIDATE,CANDIDATE,1.29,1
1823,FALSE POSITIVE,FALSE POSITIVE,1.29,0
2384,CANDIDATE,CANDIDATE,1.29,1
2487,CANDIDATE,CANDIDATE,1.29,1
2758,CANDIDATE,CANDIDATE,1.29,1
2824,CANDIDATE,CANDIDATE,1.29,1
3728,CANDIDATE,CONFIRMED,1.29,1
4748,CANDIDATE,CANDIDATE,1.29,1
4898,FALSE POSITIVE,FALSE POSITIVE,1.29,0
5307,CANDIDATE,CANDIDATE,1.29,1
5503,FALSE POSITIVE,FALSE POSITIVE,1.29,0
5523,FALSE POSITIVE,FALSE POSITIVE,1.29,0
5620,FALSE POSITIVE,FALSE POSITIVE,1.29,0
5882,FALSE POSITIVE,FALSE POSITIVE,1.29,0
6314,NOT DISPOSITIONED,NOT DISPOSITIONED,1.29,0
6340,CANDIDATE,CANDIDATE,1.29,1
6657,CANDIDATE,CANDIDATE,1.29,1
6848,FALSE POSITIVE,FALSE POSITIVE,1.29,0
6963,NOT DISPOSITIONED,NOT DISPOSITIONED,1.29,0
4357,CANDIDATE,CANDIDATE,1.293,1
5367,FALSE POSITIVE,FALSE POSITIVE,1.294,0
7014,NOT DISPOSITIONED,NOT DISPOSITIONED,1.294,0
6057,FALSE POSITIVE,FALSE POSITIVE,1.2981,0
5467,FALSE POSITIVE,FALSE POSITIVE,1.299,0
40,CANDIDATE,CANDIDATE,1.3,1
404,FALSE POSITIVE,FALSE POSITIVE,1.3,0
1324,CANDIDATE,CONFIRMED,1.3,1
1477,FALSE POSITIVE,FALSE POSITIVE,1.3,0
1515,CANDIDATE,CONFIRMED,1.3,1
1693,CANDIDATE,CANDIDATE,1.3,1
1719,CANDIDATE,CANDIDATE,1.3,1
1843,CANDIDATE,CONFIRMED,1.3,1
1848,FALSE POSITIVE,FALSE POSITIVE,1.3,0
1972,CANDIDATE,CANDIDATE,1.3,1
1973,FALSE POSITIVE,FALSE POSITIVE,1.3,0
2010,CANDIDATE,CONFIRMED,1.3,1
2030,CANDIDATE,CANDIDATE,1.3,1
2422,CANDIDATE,CANDIDATE,1.3,1
2437,CANDIDATE,CANDIDATE,1.3,1
2606,CANDIDATE,CONFIRMED,1.3,1
2717,CANDIDATE,CONFIRMED,1.3,1
2787,CANDIDATE,CANDIDATE,1.3,1
3117,FALSE POSITIVE,FALSE POSITIVE,1.3,0
3325,CANDIDATE,CANDIDATE,1.3,1
3494,CANDIDATE,CANDIDATE,1.3,1
3560,CANDIDATE,CONFIRMED,1.3,1
3729,CANDIDATE,CONFIRMED,1.3,1
3877,CANDIDATE,CANDIDATE,1.3,1
3892,CANDIDATE,CANDIDATE,1.3,1
3921,FALSE POSITIVE,FALSE POSITIVE,1.3,0
3954,CANDIDATE,CANDIDATE,1.3,1
3959,FALSE POSITIVE,FALSE POSITIVE,1.3,0
3968,FALSE POSITIVE,FALSE POSITIVE,1.3,0
3973,CANDIDATE,CANDIDATE,1.3,1
3983,CANDIDATE,CANDIDATE,1.3,1
4021,FALSE POSITIVE,FALSE POSITIVE,1.3,0
4023,FALSE POSITIVE,FALSE POSITIVE,1.3,0
4148,CANDIDATE,CANDIDATE,1.3,1
4163,FALSE POSITIVE,FALSE POSITIVE,1.3,0
4283,FALSE POSITIVE,FALSE POSITIVE,1.3,0
4324,CANDIDATE,CANDIDATE,1.3,1
4391,CANDIDATE,CANDIDATE,1.3,1
4425,FALSE POSITIVE,FALSE POSITIVE,1.3,0
4690,CANDIDATE,CANDIDATE,1.3,1
4733,CANDIDATE,CANDIDATE,1.3,1
4772,CANDIDATE,CANDIDATE,1.3,1
4774,CANDIDATE,CANDIDATE,1.3,1
4814,FALSE POSITIVE,FALSE POSITIVE,1.3,0
5493,FALSE POSITIVE,FALSE POSITIVE,1.3,0
5517,FALSE POSITIVE,FALSE POSITIVE,1.3,0
5570,FALSE POSITIVE,FALSE POSITIVE,1.3,0
5678,CANDIDATE,CANDIDATE,1.3,1
5707,FALSE POSITIVE,FALSE POSITIVE,1.3,0
6544,CANDIDATE,CANDIDATE,1.3,1
6683,CANDIDATE,CANDIDATE,1.3,1
6869,FALSE POSITIVE,FALSE POSITIVE,1.302,0
5126,CANDIDATE,CANDIDATE,1.305,1
6792,CANDIDATE,CANDIDATE,1.307,1
234,FALSE POSITIVE,FALSE POSITIVE,1.309,0
191,CANDIDATE,CANDIDATE,1.31,1
970,CANDIDATE,CANDIDATE,1.31,1
1639,CANDIDATE,CANDIDATE,1.31,1
1982,CANDIDATE,CANDIDATE,1.31,1
2003,CANDIDATE,CANDIDATE,1.31,1
2018,CANDIDATE,CANDIDATE,1.31,1
2049,FALSE POSITIVE,FALSE POSITIVE,1.31,0
2185,CANDIDATE,CANDIDATE,1.31,1
2461,CANDIDATE,CANDIDATE,1.31,1
2779,FALSE POSITIVE,FALSE POSITIVE,1.31,0
2875,CANDIDATE,CANDIDATE,1.31,1
2889,CANDIDATE,CANDIDATE,1.31,1
3997,CANDIDATE,CANDIDATE,1.31,1
4593,CANDIDATE,CONFIRMED,1.31,1
4756,FALSE POSITIVE,FALSE POSITIVE,1.31,0
6020,FALSE POSITIVE,FALSE POSITIVE,1.31,0
6230,FALSE POSITIVE,FALSE POSITIVE,1.31,0
6418,NOT DISPOSITIONED,NOT DISPOSITIONED,1.31,0
6587,NOT DISPOSITIONED,NOT DISPOSITIONED,1.31,0
7190,NOT DISPOSITIONED,NOT DISPOSITIONED,1.31,0
6496,NOT DISPOSITIONED,NOT DISPOSITIONED,1.312,0
4036,CANDIDATE,CANDIDATE,1.313,1
63,CANDIDATE,CANDIDATE,1.316,1
461,FALSE POSITIVE,FALSE POSITIVE,1.317,0
6151,FALSE POSITIVE,FALSE POSITIVE,1.318,0
32,CANDIDATE,CANDIDATE,1.319,1
910,CANDIDATE,CANDIDATE,1.32,1
917,CANDIDATE,CONFIRMED,1.32,1
1291,FALSE POSITIVE,FALSE POSITIVE,1.32,0
1977,CANDIDATE,CANDIDATE,1.32,1
2399,CANDIDATE,CONFIRMED,1.32,1
2707,CANDIDATE,CANDIDATE,1.32,1
2931,CANDIDATE,CANDIDATE,1.32,1
3126,CANDIDATE,CANDIDATE,1.32,1
3603,FALSE POSITIVE,FALSE POSITIVE,1.32,0
3875,FALSE POSITIVE,FALSE POSITIVE,1.32,0
3890,CANDIDATE,CANDIDATE,1.32,1
3971,CANDIDATE,CANDIDATE,1.32,1
3990,FALSE POSITIVE,FALSE POSITIVE,1.32,0
5527,FALSE POSITIVE,FALSE POSITIVE,1.32,0
5585,FALSE POSITIVE,FALSE POSITIVE,1.32,0
6098,CANDIDATE,CANDIDATE,1.32,1
269,CANDIDATE,CANDIDATE,1.322,1
5043,CANDIDATE,CANDIDATE,1.323,1
5059,FALSE POSITIVE,FALSE POSITIVE,1.323,0
4147,CANDIDATE,CANDIDATE,1.329,1
6358,CANDIDATE,CANDIDATE,1.329,1
206,FALSE POSITIVE,FALSE POSITIVE,1.33,0
940,CANDIDATE,CONFIRMED,1.33,1
1058,CANDIDATE,CANDIDATE,1.33,1
1083,CANDIDATE,CONFIRMED,1.33,1
1278,CANDIDATE,CONFIRMED,1.33,1
1389,FALSE POSITIVE,FALSE POSITIVE,1.33,0
1834,FALSE POSITIVE,FALSE POSITIVE,1.33,0
1978,CANDIDATE,CANDIDATE,1.33,1
2088,CANDIDATE,CONFIRMED,1.33,1
2204,CANDIDATE,CANDIDATE,1.33,1
2257,CANDIDATE,CANDIDATE,1.33,1
2402,CANDIDATE,CONFIRMED,1.33,1
2457,CANDIDATE,CANDIDATE,1.33,1
2484,CANDIDATE,CANDIDATE,1.33,1
2618,CANDIDATE,CANDIDATE,1.33,1
2703,CANDIDATE,CANDIDATE,1.33,1
3047,FALSE POSITIVE,FALSE POSITIVE,1.33,0
3342,CANDIDATE,CONFIRMED,1.33,1
3366,CANDIDATE,CANDIDATE,1.33,1
3453,CANDIDATE,CONFIRMED,1.33,1
3793,FALSE POSITIVE,FALSE POSITIVE,1.33,0
4306,CANDIDATE,CANDIDATE,1.33,1
4760,CANDIDATE,CANDIDATE,1.33,1
5447,CANDIDATE,CANDIDATE,1.33,1
6541,CANDIDATE,CANDIDATE,1.33,1
6871,FALSE POSITIVE,FALSE POSITIVE,1.332,0
4174,CANDIDATE,CANDIDATE,1.335,1
6472,CANDIDATE,CANDIDATE,1.337,1
6928,NOT DISPOSITIONED,NOT DISPOSITIONED,1.338,0
59,CANDIDATE,CANDIDATE,1.339,1
10,FALSE POSITIVE,FALSE POSITIVE,1.34,0
174,FALSE POSITIVE,FALSE POSITIVE,1.34,0
336,CANDIDATE,CONFIRMED,1.34,1
639,CANDIDATE,CONFIRMED,1.34,1
1074,CANDIDATE,CANDIDATE,1.34,1
1727,FALSE POSITIVE,FALSE POSITIVE,1.34,0
1924,FALSE POSITIVE,FALSE POSITIVE,1.34,0
2035,CANDIDATE,CANDIDATE,1.34,1
2038,CANDIDATE,CANDIDATE,1.34,1
2142,CANDIDATE,CANDIDATE,1.34,1
2481,FALSE POSITIVE,FALSE POSITIVE,1.34,0
2808,CANDIDATE,CANDIDATE,1.34,1
2948,CANDIDATE,CONFIRMED,1.34,1
3134,CANDIDATE,CONFIRMED,1.34,1
3449,FALSE POSITIVE,FALSE POSITIVE,1.34,0
3534,CANDIDATE,CANDIDATE,1.34,1
3882,FALSE POSITIVE,FALSE POSITIVE,1.34,0
5038,CANDIDATE,CANDIDATE,1.34,1
5110,CANDIDATE,CANDIDATE,1.34,1
5779,FALSE POSITIVE,FALSE POSITIVE,1.34,0
7174,NOT DISPOSITIONED,NOT DISPOSITIONED,1.34,0
6351,FALSE POSITIVE,FALSE POSITIVE,1.341,0
4227,CANDIDATE,CANDIDATE,1.342,1
5105,CANDIDATE,CANDIDATE,1.348,1
559,CANDIDATE,CANDIDATE,1.35,1
1102,CANDIDATE,CANDIDATE,1.35,1
1631,FALSE POSITIVE,FALSE POSITIVE,1.35,0
2040,CANDIDATE,CANDIDATE,1.35,1
2169,CANDIDATE,CANDIDATE,1.35,1
2246,CANDIDATE,CONFIRMED,1.35,1
2329,CANDIDATE,CANDIDATE,1.35,1
2533,FALSE POSITIVE,FALSE POSITIVE,1.35,0
2688,CANDIDATE,CANDIDATE,1.35,1
2691,CANDIDATE,CONFIRMED,1.35,1
2728,CANDIDATE,CONFIRMED,1.35,1
2790,CANDIDATE,CANDIDATE,1.35,1
2821,FALSE POSITIVE,FALSE POSITIVE,1.35,0
3196,CANDIDATE,CANDIDATE,1.35,1
3909,CANDIDATE,CANDIDATE,1.35,1
4143,FALSE POSITIVE,FALSE POSITIVE,1.35,0
6411,NOT DISPOSITIONED,NOT DISPOSITIONED,1.35,0
6412,NOT DISPOSITIONED,NOT DISPOSITIONED,1.35,0
6750,NOT DISPOSITIONED,NOT DISPOSITIONED,1.35,0
6150,CANDIDATE,CANDIDATE,1.354,1
5006,FALSE POSITIVE,FALSE POSITIVE,1.355,0
7176,NOT DISPOSITIONED,NOT DISPOSITIONED,1.355,0
508,FALSE POSITIVE,FALSE POSITIVE,1.356,0
5112,CANDIDATE,CANDIDATE,1.359,1
272,FALSE POSITIVE,FALSE POSITIVE,1.36,0
826,CANDIDATE,CANDIDATE,1.36,1
829,CANDIDATE,CANDIDATE,1.36,1
830,CANDIDATE,CANDIDATE,1.36,1
1578,CANDIDATE,CANDIDATE,1.36,1
1710,CANDIDATE,CANDIDATE,1.36,1
1748,CANDIDATE,CANDIDATE,1.36,1
1845,FALSE POSITIVE,FALSE POSITIVE,1.36,0
2042,CANDIDATE,CONFIRMED,1.36,1
2390,CANDIDATE,CANDIDATE,1.36,1
3034,CANDIDATE,CONFIRMED,1.36,1
3153,FALSE POSITIVE,FALSE POSITIVE,1.36,0
3593,CANDIDATE,CANDIDATE,1.36,1
3635,CANDIDATE,CONFIRMED,1.36,1
3991,FALSE POSITIVE,FALSE POSITIVE,1.36,0
4065,CANDIDATE,CANDIDATE,1.36,1
4398,FALSE POSITIVE,FALSE POSITIVE,1.36,0
4458,CANDIDATE,CANDIDATE,1.36,1
5490,FALSE POSITIVE,FALSE POSITIVE,1.36,0
5584,FALSE POSITIVE,FALSE POSITIVE,1.36,0
5601,CANDIDATE,CONFIRMED,1.36,1
5749,FALSE POSITIVE,FALSE POSITIVE,1.36,0
6040,NOT DISPOSITIONED,NOT DISPOSITIONED,1.36,0
6499,NOT DISPOSITIONED,NOT DISPOSITIONED,1.36,0
4250,CANDIDATE,CANDIDATE,1.362,1
4453,CANDIDATE,CANDIDATE,1.362,1
4795,CANDIDATE,CANDIDATE,1.362,1
4571,CANDIDATE,CANDIDATE,1.365,1
135,CANDIDATE,CANDIDATE,1.368,1
4725,FALSE POSITIVE,FALSE POSITIVE,1.368,0
5459,CANDIDATE,CANDIDATE,1.369,1
6974,NOT DISPOSITIONED,NOT DISPOSITIONED,1.369,0
3,CANDIDATE,CANDIDATE,1.37,1
427,CANDIDATE,CONFIRMED,1.37,1
738,CANDIDATE,CANDIDATE,1.37,1
1597,FALSE POSITIVE,FALSE POSITIVE,1.37,0
1620,CANDIDATE,CANDIDATE,1.37,1
1712,CANDIDATE,CONFIRMED,1.37,1
1763,CANDIDATE,CANDIDATE,1.37,1
1971,CANDIDATE,CANDIDATE,1.37,1
2041,CANDIDATE,CANDIDATE,1.37,1
2063,CANDIDATE,CANDIDATE,1.37,1
2189,CANDIDATE,CONFIRMED,1.37,1
2267,CANDIDATE,CANDIDATE,1.37,1
2676,CANDIDATE,CONFIRMED,1.37,1
2702,CANDIDATE,CANDIDATE,1.37,1
2760,CANDIDATE,CANDIDATE,1.37,1
2836,CANDIDATE,CONFIRMED,1.37,1
2908,CANDIDATE,CANDIDATE,1.37,1
3996,FALSE POSITIVE,FALSE POSITIVE,1.37,0
4183,FALSE POSITIVE,FALSE POSITIVE,1.37,0
4573,CANDIDATE,CONFIRMED,1.37,1
5026,CANDIDATE,CANDIDATE,1.37,1
5852,CANDIDATE,CANDIDATE,1.37,1
6256,CANDIDATE,CANDIDATE,1.37,1
6287,NOT DISPOSITIONED,NOT DISPOSITIONED,1.37,0
6437,CANDIDATE,CANDIDATE,1.37,1
6495,NOT DISPOSITIONED,NOT DISPOSITIONED,1.37,0
6527,NOT DISPOSITIONED,NOT DISPOSITIONED,1.37,0
6951,NOT DISPOSITIONED,NOT DISPOSITIONED,1.37,0
6332,CANDIDATE,CANDIDATE,1.373,1
4136,FALSE POSITIVE,FALSE POSITIVE,1.374,0
4757,FALSE POSITIVE,FALSE POSITIVE,1.374,0
599,CANDIDATE,CANDIDATE,1.38,1
764,CANDIDATE,CANDIDATE,1.38,1
1191,CANDIDATE,CANDIDATE,1.38,1
1659,CANDIDATE,CONFIRMED,1.38,1
2002,CANDIDATE,CANDIDATE,1.38,1
2036,CANDIDATE,CANDIDATE,1.38,1
2127,FALSE POSITIVE,FALSE POSITIVE,1.38,0
2321,CANDIDATE,CANDIDATE,1.38,1
2493,CANDIDATE,CANDIDATE,1.38,1
3378,CANDIDATE,CANDIDATE,1.38,1
3632,CANDIDATE,CONFIRMED,1.38,1
3693,CANDIDATE,CONFIRMED,1.38,1
3721,CANDIDATE,CONFIRMED,1.38,1
4071,CANDIDATE,CANDIDATE,1.38,1
5371,FALSE POSITIVE,FALSE POSITIVE,1.38,0
5702,FALSE POSITIVE,FALSE POSITIVE,1.38,0
6935,NOT DISPOSITIONED,NOT DISPOSITIONED,1.38,0
7218,NOT DISPOSITIONED,NOT DISPOSITIONED,1.38,0
7268,NOT DISPOSITIONED,NOT DISPOSITIONED,1.38,0
4870,CANDIDATE,CANDIDATE,1.389,1
145,CANDIDATE,CONFIRMED,1.39,1
724,CANDIDATE,CANDIDATE,1.39,1
1664,CANDIDATE,CANDIDATE,1.39,1
1948,CANDIDATE,CANDIDATE,1.39,1
1990,CANDIDATE,CANDIDATE,1.39,1
2054,CANDIDATE,CANDIDATE,1.39,1
2146,FALSE POSITIVE,FALSE POSITIVE,1.39,0
2463,CANDIDATE,CANDIDATE,1.39,1
2504,CANDIDATE,CONFIRMED,1.39,1
3042,CANDIDATE,CANDIDATE,1.39,1
3533,FALSE POSITIVE,FALSE POSITIVE,1.39,0
3539,CANDIDATE,CANDIDATE,1.39,1
3583,CANDIDATE,CANDIDATE,1.39,1
3772,CANDIDATE,CANDIDATE,1.39,1
4247,CANDIDATE,CANDIDATE,1.39,1
6349,FALSE POSITIVE,FALSE POSITIVE,1.39,0
6575,FALSE POSITIVE,FALSE POSITIVE,1.39,0
3860,FALSE POSITIVE,FALSE POSITIVE,1.391,0
4840,FALSE POSITIVE,FALSE POSITIVE,1.392,0
5867,CANDIDATE,CANDIDATE,1.393,1
125,FALSE POSITIVE,FALSE POSITIVE,1.396,0
4291,CANDIDATE,CANDIDATE,1.396,1
4517,CANDIDATE,CANDIDATE,1.398,1
85,CANDIDATE,CANDIDATE,1.4,1
236,FALSE POSITIVE,FALSE POSITIVE,1.4,0
715,CANDIDATE,CANDIDATE,1.4,1
716,CANDIDATE,CANDIDATE,1.4,1
726,CANDIDATE,CONFIRMED,1.4,1
813,CANDIDATE,CANDIDATE,1.4,1
922,FALSE POSITIVE,FALSE POSITIVE,1.4,0
1159,CANDIDATE,CANDIDATE,1.4,1
1282,FALSE POSITIVE,FALSE POSITIVE,1.4,0
1976,CANDIDATE,CANDIDATE,1.4,1
1991,FALSE POSITIVE,FALSE POSITIVE,1.4,0
2128,FALSE POSITIVE,FALSE POSITIVE,1.4,0
2131,CANDIDATE,CANDIDATE,1.4,1
2220,CANDIDATE,CANDIDATE,1.4,1
2423,CANDIDATE,CANDIDATE,1.4,1
2640,CANDIDATE,CANDIDATE,1.4,1
2641,CANDIDATE,CANDIDATE,1.4,1
2682,CANDIDATE,CANDIDATE,1.4,1
2744,CANDIDATE,CONFIRMED,1.4,1
3033,CANDIDATE,CONFIRMED,1.4,1
3158,CANDIDATE,CANDIDATE,1.4,1
3275,FALSE POSITIVE,FALSE POSITIVE,1.4,0
3309,CANDIDATE,CONFIRMED,1.4,1
3368,FALSE POSITIVE,FALSE POSITIVE,1.4,0
3482,CANDIDATE,CONFIRMED,1.4,1
3486,FALSE POSITIVE,FALSE POSITIVE,1.4,0
3697,CANDIDATE,CANDIDATE,1.4,1
3899,CANDIDATE,CANDIDATE,1.4,1
3904,CANDIDATE,CANDIDATE,1.4,1
4277,FALSE POSITIVE,FALSE POSITIVE,1.4,0
4378,FALSE POSITIVE,FALSE POSITIVE,1.4,0
4511,CANDIDATE,CANDIDATE,1.4,1
4587,FALSE POSITIVE,FALSE POSITIVE,1.4,0
4696,FALSE POSITIVE,FALSE POSITIVE,1.4,0
4986,CANDIDATE,CANDIDATE,1.4,1
5128,CANDIDATE,CANDIDATE,1.4,1
5554,CANDIDATE,CONFIRMED,1.4,1
5604,FALSE POSITIVE,FALSE POSITIVE,1.4,0
5781,FALSE POSITIVE,FALSE POSITIVE,1.4,0
6560,NOT DISPOSITIONED,NOT DISPOSITIONED,1.4,0
7141,NOT DISPOSITIONED,NOT DISPOSITIONED,1.4,0
6056,NOT DISPOSITIONED,NOT DISPOSITIONED,1.403,0
6420,NOT DISPOSITIONED,NOT DISPOSITIONED,1.403,0
7049,NOT DISPOSITIONED,NOT DISPOSITIONED,1.405,0
151,CANDIDATE,CONFIRMED,1.41,1
803,FALSE POSITIVE,FALSE POSITIVE,1.41,0
809,CANDIDATE,CONFIRMED,1.41,1
838,CANDIDATE,CANDIDATE,1.41,1
916,CANDIDATE,CONFIRMED,1.41,1
1192,CANDIDATE,CANDIDATE,1.41,1
1261,FALSE POSITIVE,FALSE POSITIVE,1.41,0
1326,FALSE POSITIVE,FALSE POSITIVE,1.41,0
1471,CANDIDATE,CANDIDATE,1.41,1
1958,CANDIDATE,CANDIDATE,1.41,1
2028,CANDIDATE,CONFIRMED,1.41,1
2103,CANDIDATE,CANDIDATE,1.41,1
2358,CANDIDATE,CONFIRMED,1.41,1
2501,CANDIDATE,CANDIDATE,1.41,1
2615,CANDIDATE,CANDIDATE,1.41,1
2652,CANDIDATE,CONFIRMED,1.41,1
2921,FALSE POSITIVE,FALSE POSITIVE,1.41,0
3095,CANDIDATE,CANDIDATE,1.41,1
3160,CANDIDATE,CANDIDATE,1.41,1
3216,CANDIDATE,CANDIDATE,1.41,1
3320,CANDIDATE,CONFIRMED,1.41,1
3464,CANDIDATE,CONFIRMED,1.41,1
3525,CANDIDATE,CANDIDATE,1.41,1
3576,CANDIDATE,CANDIDATE,1.41,1
4120,FALSE POSITIVE,FALSE POSITIVE,1.41,0
4296,CANDIDATE,CANDIDATE,1.41,1
4421,CANDIDATE,CANDIDATE,1.41,1
4713,CANDIDATE,CANDIDATE,1.41,1
5510,FALSE POSITIVE,FALSE POSITIVE,1.41,0
7087,NOT DISPOSITIONED,NOT DISPOSITIONED,1.41,0
4743,CANDIDATE,CANDIDATE,1.411,1
6703,NOT DISPOSITIONED,NOT DISPOSITIONED,1.418,0
4838,CANDIDATE,CANDIDATE,1.419,1
238,FALSE POSITIVE,FALSE POSITIVE,1.42,0
244,CANDIDATE,CONFIRMED,1.42,1
590,CANDIDATE,CANDIDATE,1.42,1
620,CANDIDATE,CONFIRMED,1.42,1
1035,FALSE POSITIVE,FALSE POSITIVE,1.42,0
1285,CANDIDATE,CANDIDATE,1.42,1
1824,CANDIDATE,CANDIDATE,1.42,1
2060,FALSE POSITIVE,FALSE POSITIVE,1.42,0
2301,CANDIDATE,CANDIDATE,1.42,1
2992,CANDIDATE,CANDIDATE,1.42,1
3278,FALSE POSITIVE,FALSE POSITIVE,1.42,0
3468,CANDIDATE,CONFIRMED,1.42,1
3975,CANDIDATE,CANDIDATE,1.42,1
5507,FALSE POSITIVE,FALSE POSITIVE,1.42,0
6417,FALSE POSITIVE,FALSE POSITIVE,1.42,0
6442,NOT DISPOSITIONED,NOT DISPOSITIONED,1.42,0
4485,CANDIDATE,CANDIDATE,1.429,1
771,CANDIDATE,CANDIDATE,1.43,1
782,CANDIDATE,CANDIDATE,1.43,1
828,CANDIDATE,CANDIDATE,1.43,1
1647,CANDIDATE,CANDIDATE,1.43,1
1655,CANDIDATE,CONFIRMED,1.43,1
1706,CANDIDATE,CONFIRMED,1.43,1
1884,CANDIDATE,CANDIDATE,1.43,1
2322,CANDIDATE,CANDIDATE,1.43,1
2563,CANDIDATE,CANDIDATE,1.43,1
2651,CANDIDATE,CONFIRMED,1.43,1
2991,CANDIDATE,CANDIDATE,1.43,1
3578,FALSE POSITIVE,FALSE POSITIVE,1.43,0
3739,CANDIDATE,CONFIRMED,1.43,1
3905,FALSE POSITIVE,FALSE POSITIVE,1.43,0
4037,FALSE POSITIVE,FALSE POSITIVE,1.43,0
4939,CANDIDATE,CANDIDATE,1.43,1
5104,FALSE POSITIVE,FALSE POSITIVE,1.43,0
5540,FALSE POSITIVE,FALSE POSITIVE,1.43,0
5662,FALSE POSITIVE,FALSE POSITIVE,1.43,0
6538,FALSE POSITIVE,FALSE POSITIVE,1.43,0
6788,NOT DISPOSITIONED,NOT DISPOSITIONED,1.43,0
6789,NOT DISPOSITIONED,NOT DISPOSITIONED,1.43,0
7137,NOT DISPOSITIONED,NOT DISPOSITIONED,1.43,0
5388,FALSE POSITIVE,FALSE POSITIVE,1.432,0
6086,NOT DISPOSITIONED,NOT DISPOSITIONED,1.435,0
273,CANDIDATE,CANDIDATE,1.438,1
4237,CANDIDATE,CANDIDATE,1.438,1
5190,CANDIDATE,CONFIRMED,1.438,1
6586,FALSE POSITIVE,FALSE POSITIVE,1.439,0
74,FALSE POSITIVE,FALSE POSITIVE,1.44,0
482,CANDIDATE,CANDIDATE,1.44,1
966,CANDIDATE,CANDIDATE,1.44,1
1610,FALSE POSITIVE,FALSE POSITIVE,1.44,0
2106,CANDIDATE,CANDIDATE,1.44,1
2130,FALSE POSITIVE,FALSE POSITIVE,1.44,0
2705,CANDIDATE,CANDIDATE,1.44,1
2747,CANDIDATE,CONFIRMED,1.44,1
2887,CANDIDATE,CANDIDATE,1.44,1
5247,FALSE POSITIVE,FALSE POSITIVE,1.44,0
5550,FALSE POSITIVE,FALSE POSITIVE,1.44,0
5679,FALSE POSITIVE,FALSE POSITIVE,1.44,0
5999,NOT DISPOSITIONED,NOT DISPOSITIONED,1.44,0
6847,FALSE POSITIVE,FALSE POSITIVE,1.44,0
5471,CANDIDATE,CANDIDATE,1.441,1
6076,CANDIDATE,CANDIDATE,1.442,1
276,FALSE POSITIVE,FALSE POSITIVE,1.443,0
7083,NOT DISPOSITIONED,NOT DISPOSITIONED,1.443,0
381,CANDIDATE,CANDIDATE,1.446,1
140,CANDIDATE,CONFIRMED,1.45,1
179,CANDIDATE,CONFIRMED,1.45,1
268,FALSE POSITIVE,FALSE POSITIVE,1.45,0
1530,CANDIDATE,CANDIDATE,1.45,1
1741,CANDIDATE,CANDIDATE,1.45,1
1861,CANDIDATE,CANDIDATE,1.45,1
2174,CANDIDATE,CANDIDATE,1.45,1
2176,CANDIDATE,CANDIDATE,1.45,1
2225,CANDIDATE,CONFIRMED,1.45,1
2502,CANDIDATE,CANDIDATE,1.45,1
3741,CANDIDATE,CONFIRMED,1.45,1
4197,CANDIDATE,CANDIDATE,1.45,1
6272,FALSE POSITIVE,FALSE POSITIVE,1.45,0
6347,NOT DISPOSITIONED,NOT DISPOSITIONED,1.45,0
7016,NOT DISPOSITIONED,NOT DISPOSITIONED,1.45,0
6366,FALSE POSITIVE,FALSE POSITIVE,1.452,0
6850,FALSE POSITIVE,FALSE POSITIVE,1.4533,0
6500,NOT DISPOSITIONED,NOT DISPOSITIONED,1.455,0
6308,NOT DISPOSITIONED,NOT DISPOSITIONED,1.4556,0
5418,CANDIDATE,CANDIDATE,1.457,1
6004,NOT DISPOSITIONED,NOT DISPOSITIONED,1.459,0
7098,NOT DISPOSITIONED,NOT DISPOSITIONED,1.459,0
87,CANDIDATE,CONFIRMED,1.46,1
120,CANDIDATE,CONFIRMED,1.46,1
354,FALSE POSITIVE,FALSE POSITIVE,1.46,0
739,CANDIDATE,CANDIDATE,1.46,1
784,CANDIDATE,CANDIDATE,1.46,1
924,CANDIDATE,CANDIDATE,1.46,1
946,CANDIDATE,CANDIDATE,1.46,1
1085,CANDIDATE,CONFIRMED,1.46,1
1234,CANDIDATE,CANDIDATE,1.46,1
1266,CANDIDATE,CONFIRMED,1.46,1
1292,CANDIDATE,CANDIDATE,1.46,1
1565,CANDIDATE,CANDIDATE,1.46,1
1764,FALSE POSITIVE,FALSE POSITIVE,1.46,0
1981,CANDIDATE,CANDIDATE,1.46,1
2165,CANDIDATE,CONFIRMED,1.46,1
2609,CANDIDATE,CANDIDATE,1.46,1
2831,CANDIDATE,CANDIDATE,1.46,1
2911,CANDIDATE,CONFIRMED,1.46,1
3207,CANDIDATE,CANDIDATE,1.46,1
3766,CANDIDATE,CANDIDATE,1.46,1
3855,CANDIDATE,CANDIDATE,1.46,1
4226,CANDIDATE,CANDIDATE,1.46,1
5542,FALSE POSITIVE,FALSE POSITIVE,1.46,0
5753,FALSE POSITIVE,FALSE POSITIVE,1.46,0
5786,NOT DISPOSITIONED,CONFIRMED,1.46,0
5960,FALSE POSITIVE,FALSE POSITIVE,1.46,0
7030,NOT DISPOSITIONED,NOT DISPOSITIONED,1.46,0
5062,FALSE POSITIVE,FALSE POSITIVE,1.461,0
5103,FALSE POSITIVE,FALSE POSITIVE,1.467,0
3917,FALSE POSITIVE,FALSE POSITIVE,1.468,0
4028,CANDIDATE,CANDIDATE,1.468,1
685,CANDIDATE,CANDIDATE,1.47,1
693,CANDIDATE,CONFIRMED,1.47,1
1149,CANDIDATE,CANDIDATE,1.47,1
1150,CANDIDATE,CANDIDATE,1.47,1
1151,CANDIDATE,CANDIDATE,1.47,1
1182,CANDIDATE,CANDIDATE,1.47,1
1221,FALSE POSITIVE,FALSE POSITIVE,1.47,0
1223,CANDIDATE,CANDIDATE,1.47,1
1654,CANDIDATE,CONFIRMED,1.47,1
2143,CANDIDATE,CANDIDATE,1.47,1
2319,CANDIDATE,CANDIDATE,1.47,1
2566,FALSE POSITIVE,FALSE POSITIVE,1.47,0
3090,FALSE POSITIVE,FALSE POSITIVE,1.47,0
3146,CANDIDATE,CONFIRMED,1.47,1
3182,CANDIDATE,CONFIRMED,1.47,1
3303,CANDIDATE,CONFIRMED,1.47,1
3329,CANDIDATE,CANDIDATE,1.47,1
3594,CANDIDATE,CANDIDATE,1.47,1
3658,CANDIDATE,CANDIDATE,1.47,1
3929,CANDIDATE,CANDIDATE,1.47,1
4441,FALSE POSITIVE,FALSE POSITIVE,1.47,0
4993,CANDIDATE,CANDIDATE,1.47,1
5782,FALSE POSITIVE,FALSE POSITIVE,1.47,0
5933,NOT DISPOSITIONED,NOT DISPOSITIONED,1.47,0
5216,FALSE POSITIVE,FALSE POSITIVE,1.4711,0
4204,CANDIDATE,CANDIDATE,1.473,1
117,CANDIDATE,CONFIRMED,1.48,1
899,CANDIDATE,CANDIDATE,1.48,1
1739,CANDIDATE,CANDIDATE,1.48,1
2459,CANDIDATE,CANDIDATE,1.48,1
2689,CANDIDATE,CANDIDATE,1.48,1
2803,CANDIDATE,CONFIRMED,1.48,1
2870,CANDIDATE,CANDIDATE,1.48,1
3013,CANDIDATE,CONFIRMED,1.48,1
3091,FALSE POSITIVE,FALSE POSITIVE,1.48,0
3665,CANDIDATE,CANDIDATE,1.48,1
3725,CANDIDATE,CANDIDATE,1.48,1
4233,FALSE POSITIVE,FALSE POSITIVE,1.48,0
5645,FALSE POSITIVE,FALSE POSITIVE,1.48,0
6274,NOT DISPOSITIONED,NOT DISPOSITIONED,1.48,0
6291,NOT DISPOSITIONED,NOT DISPOSITIONED,1.48,0
6339,FALSE POSITIVE,FALSE POSITIVE,1.48,0
6908,NOT DISPOSITIONED,NOT DISPOSITIONED,1.48,0
7274,NOT DISPOSITIONED,NOT DISPOSITIONED,1.48,0
5345,FALSE POSITIVE,FALSE POSITIVE,1.481,0
6102,CANDIDATE,CANDIDATE,1.481,1
6,FALSE POSITIVE,FALSE POSITIVE,1.487,0
3903,CANDIDATE,CANDIDATE,1.488,1
235,FALSE POSITIVE,FALSE POSITIVE,1.49,0
774,CANDIDATE,CONFIRMED,1.49,1
824,CANDIDATE,CANDIDATE,1.49,1
1062,FALSE POSITIVE,FALSE POSITIVE,1.49,0
1084,CANDIDATE,CONFIRMED,1.49,1
1230,CANDIDATE,CONFIRMED,1.49,1
1274,CANDIDATE,CANDIDATE,1.49,1
1387,CANDIDATE,CANDIDATE,1.49,1
1522,CANDIDATE,CANDIDATE,1.49,1
1825,CANDIDATE,CANDIDATE,1.49,1
1860,CANDIDATE,CANDIDATE,1.49,1
1996,FALSE POSITIVE,FALSE POSITIVE,1.49,0
2013,CANDIDATE,CONFIRMED,1.49,1
2603,FALSE POSITIVE,FALSE POSITIVE,1.49,0
2658,CANDIDATE,CANDIDATE,1.49,1
2768,CANDIDATE,CANDIDATE,1.49,1
2868,CANDIDATE,CANDIDATE,1.49,1
2930,CANDIDATE,CANDIDATE,1.49,1
3148,CANDIDATE,CONFIRMED,1.49,1
3273,FALSE POSITIVE,FALSE POSITIVE,1.49,0
3587,CANDIDATE,CANDIDATE,1.49,1
3656,CANDIDATE,CANDIDATE,1.49,1
3661,CANDIDATE,CANDIDATE,1.49,1
4043,FALSE POSITIVE,FALSE POSITIVE,1.49,0
4202,FALSE POSITIVE,FALSE POSITIVE,1.49,0
5044,FALSE POSITIVE,FALSE POSITIVE,1.49,0
5489,FALSE POSITIVE,FALSE POSITIVE,1.49,0
5549,FALSE POSITIVE,FALSE POSITIVE,1.49,0
5667,FALSE POSITIVE,FALSE POSITIVE,1.49,0
5763,FALSE POSITIVE,FALSE POSITIVE,1.49,0
5961,NOT DISPOSITIONED,NOT DISPOSITIONED,1.49,0
6149,NOT DISPOSITIONED,NOT DISPOSITIONED,1.49,0
6153,NOT DISPOSITIONED,NOT DISPOSITIONED,1.49,0
6380,FALSE POSITIVE,FALSE POSITIVE,1.49,0
6603,NOT DISPOSITIONED,NOT DISPOSITIONED,1.491,0
6640,FALSE POSITIVE,FALSE POSITIVE,1.493,0
6865,FALSE POSITIVE,FALSE POSITIVE,1.495,0
127,FALSE POSITIVE,FALSE POSITIVE,1.497,0
13,FALSE POSITIVE,FALSE POSITIVE,1.498,0
4790,CANDIDATE,CANDIDATE,1.498,1
50,FALSE POSITIVE,FALSE POSITIVE,1.5,0
811,CANDIDATE,CONFIRMED,1.5,1
976,CANDIDATE,CANDIDATE,1.5,1
1193,CANDIDATE,CANDIDATE,1.5,1
1473,CANDIDATE,CANDIDATE,1.5,1
1781,FALSE POSITIVE,FALSE POSITIVE,1.5,0
1817,CANDIDATE,CANDIDATE,1.5,1
1839,CANDIDATE,CANDIDATE,1.5,1
1901,CANDIDATE,CANDIDATE,1.5,1
2017,CANDIDATE,CANDIDATE,1.5,1
2120,CANDIDATE,CANDIDATE,1.5,1
2316,CANDIDATE,CANDIDATE,1.5,1
2475,CANDIDATE,CANDIDATE,1.5,1
2511,CANDIDATE,CANDIDATE,1.5,1
2540,CANDIDATE,CANDIDATE,1.5,1
2643,CANDIDATE,CANDIDATE,1.5,1
2672,CANDIDATE,CANDIDATE,1.5,1
2731,CANDIDATE,CANDIDATE,1.5,1
2869,CANDIDATE,CANDIDATE,1.5,1
3048,FALSE POSITIVE,FALSE POSITIVE,1.5,0
3111,CANDIDATE,CONFIRMED,1.5,1
3167,FALSE POSITIVE,FALSE POSITIVE,1.5,0
3310,CANDIDATE,CANDIDATE,1.5,1
3450,FALSE POSITIVE,FALSE POSITIVE,1.5,0
3456,CANDIDATE,CONFIRMED,1.5,1
3595,FALSE POSITIVE,FALSE POSITIVE,1.5,0
3694,CANDIDATE,CANDIDATE,1.5,1
3810,CANDIDATE,CONFIRMED,1.5,1
3853,CANDIDATE,CANDIDATE,1.5,1
3898,CANDIDATE,CANDIDATE,1.5,1
3923,FALSE POSITIVE,FALSE POSITIVE,1.5,0
3953,CANDIDATE,CANDIDATE,1.5,1
3979,FALSE POSITIVE,FALSE POSITIVE,1.5,0
4002,FALSE POSITIVE,FALSE POSITIVE,1.5,0
4016,FALSE POSITIVE,FALSE POSITIVE,1.5,0
4034,FALSE POSITIVE,FALSE POSITIVE,1.5,0
4039,FALSE POSITIVE,FALSE POSITIVE,1.5,0
4161,FALSE POSITIVE,FALSE POSITIVE,1.5,0
4395,CANDIDATE,CANDIDATE,1.5,1
4462,CANDIDATE,CANDIDATE,1.5,1
4478,FALSE POSITIVE,FALSE POSITIVE,1.5,0
4889,FALSE POSITIVE,FALSE POSITIVE,1.5,0
4940,CANDIDATE,CANDIDATE,1.5,1
4973,FALSE POSITIVE,FALSE POSITIVE,1.5,0
5245,FALSE POSITIVE,FALSE POSITIVE,1.5,0
5573,FALSE POSITIVE,FALSE POSITIVE,1.5,0
5719,FALSE POSITIVE,FALSE POSITIVE,1.5,0
5729,FALSE POSITIVE,FALSE POSITIVE,1.5,0
7095,NOT DISPOSITIONED,NOT DISPOSITIONED,1.5,0
7108,FALSE POSITIVE,FALSE POSITIVE,1.5,0
7124,NOT DISPOSITIONED,NOT DISPOSITIONED,1.502,0
5431,FALSE POSITIVE,FALSE POSITIVE,1.504,0
61,FALSE POSITIVE,FALSE POSITIVE,1.50895,0
5314,FALSE POSITIVE,FALSE POSITIVE,1.509,0
33,CANDIDATE,CANDIDATE,1.51,1
35,FALSE POSITIVE,FALSE POSITIVE,1.51,0
1736,CANDIDATE,CANDIDATE,1.51,1
1885,CANDIDATE,CANDIDATE,1.51,1
2007,FALSE POSITIVE,FALSE POSITIVE,1.51,0
2092,CANDIDATE,CANDIDATE,1.51,1
2095,CANDIDATE,CONFIRMED,1.51,1
2740,CANDIDATE,CANDIDATE,1.51,1
2782,FALSE POSITIVE,FALSE POSITIVE,1.51,0
3685,CANDIDATE,CONFIRMED,1.51,1
3779,FALSE POSITIVE,FALSE POSITIVE,1.51,0
4719,CANDIDATE,CANDIDATE,1.51,1
4827,CANDIDATE,CANDIDATE,1.51,1
5113,CANDIDATE,CANDIDATE,1.51,1
6084,CANDIDATE,CANDIDATE,1.51,1
6421,CANDIDATE,CANDIDATE,1.51,1
310,CANDIDATE,CANDIDATE,1.511,1
4133,FALSE POSITIVE,FALSE POSITIVE,1.512,0
4815,FALSE POSITIVE,FALSE POSITIVE,1.512,0
1685,FALSE POSITIVE,FALSE POSITIVE,1.52,0
1737,CANDIDATE,CANDIDATE,1.52,1
2008,CANDIDATE,CANDIDATE,1.52,1
2332,CANDIDATE,CANDIDATE,1.52,1
2335,CANDIDATE,CANDIDATE,1.52,1
2568,CANDIDATE,CANDIDATE,1.52,1
2844,CANDIDATE,CANDIDATE,1.52,1
2878,CANDIDATE,CANDIDATE,1.52,1
3186,FALSE POSITIVE,FALSE POSITIVE,1.52,0
3466,CANDIDATE,CONFIRMED,1.52,1
3714,CANDIDATE,CONFIRMED,1.52,1
4173,FALSE POSITIVE,FALSE POSITIVE,1.52,0
4709,FALSE POSITIVE,FALSE POSITIVE,1.52,0
4849,FALSE POSITIVE,FALSE POSITIVE,1.52,0
4911,CANDIDATE,CANDIDATE,1.52,1
5775,FALSE POSITIVE,FALSE POSITIVE,1.52,0
5993,NOT DISPOSITIONED,NOT DISPOSITIONED,1.52,0
6046,NOT DISPOSITIONED,NOT DISPOSITIONED,1.52,0
6094,FALSE POSITIVE,FALSE POSITIVE,1.52,0
6623,NOT DISPOSITIONED,NOT DISPOSITIONED,1.52,0
90,CANDIDATE,CONFIRMED,1.521,1
5306,FALSE POSITIVE,FALSE POSITIVE,1.529,0
177,CANDIDATE,CANDIDATE,1.53,1
241,FALSE POSITIVE,FALSE POSITIVE,1.53,0
619,CANDIDATE,CONFIRMED,1.53,1
683,CANDIDATE,CONFIRMED,1.53,1
725,CANDIDATE,CANDIDATE,1.53,1
1038,CANDIDATE,CANDIDATE,1.53,1
2416,FALSE POSITIVE,FALSE POSITIVE,1.53,0
2601,CANDIDATE,CANDIDATE,1.53,1
3121,CANDIDATE,CONFIRMED,1.53,1
3215,CANDIDATE,CANDIDATE,1.53,1
3269,CANDIDATE,CANDIDATE,1.53,1
3335,CANDIDATE,CANDIDATE,1.53,1
3703,FALSE POSITIVE,FALSE POSITIVE,1.53,0
4260,FALSE POSITIVE,FALSE POSITIVE,1.53,0
4639,CANDIDATE,CONFIRMED,1.53,1
5109,CANDIDATE,CANDIDATE,1.53,1
5495,FALSE POSITIVE,FALSE POSITIVE,1.53,0
5575,CANDIDATE,CANDIDATE,1.53,1
5681,FALSE POSITIVE,FALSE POSITIVE,1.53,0
5760,FALSE POSITIVE,FALSE POSITIVE,1.53,0
5787,NOT DISPOSITIONED,CONFIRMED,1.53,0
5804,NOT DISPOSITIONED,NOT DISPOSITIONED,1.53,0
6526,FALSE POSITIVE,FALSE POSITIVE,1.53,0
7148,NOT DISPOSITIONED,NOT DISPOSITIONED,1.53,0
4410,CANDIDATE,CANDIDATE,1.533,1
6851,FALSE POSITIVE,FALSE POSITIVE,1.5386,0
6194,FALSE POSITIVE,FALSE POSITIVE,1.539,0
76,FALSE POSITIVE,FALSE POSITIVE,1.54,0
160,CANDIDATE,CANDIDATE,1.54,1
163,FALSE POSITIVE,FALSE POSITIVE,1.54,0
172,CANDIDATE,CANDIDATE,1.54,1
226,CANDIDATE,CONFIRMED,1.54,1
277,CANDIDATE,CANDIDATE,1.54,1
421,FALSE POSITIVE,FALSE POSITIVE,1.54,0
907,CANDIDATE,CANDIDATE,1.54,1
1241,CANDIDATE,CONFIRMED,1.54,1
1242,CANDIDATE,CONFIRMED,1.54,1
1279,FALSE POSITIVE,FALSE POSITIVE,1.54,0
1465,CANDIDATE,CONFIRMED,1.54,1
1663,CANDIDATE,CANDIDATE,1.54,1
1953,CANDIDATE,CANDIDATE,1.54,1
2216,FALSE POSITIVE,FALSE POSITIVE,1.54,0
2252,CANDIDATE,CANDIDATE,1.54,1
2785,FALSE POSITIVE,FALSE POSITIVE,1.54,0
3125,CANDIDATE,CONFIRMED,1.54,1
3653,CANDIDATE,CANDIDATE,1.54,1
3790,CANDIDATE,CONFIRMED,1.54,1
3957,CANDIDATE,CANDIDATE,1.54,1
4907,CANDIDATE,CANDIDATE,1.54,1
5042,CANDIDATE,CANDIDATE,1.54,1
5751,FALSE POSITIVE,FALSE POSITIVE,1.54,0
4976,CANDIDATE,CANDIDATE,1.541,1
6737,CANDIDATE,CANDIDATE,1.545,1
6592,FALSE POSITIVE,FALSE POSITIVE,1.548,0
7151,NOT DISPOSITIONED,NOT DISPOSITIONED,1.548,0
176,CANDIDATE,CANDIDATE,1.549,1
4584,FALSE POSITIVE,CONFIRMED,1.549,0
1080,CANDIDATE,CANDIDATE,1.55,1
1147,FALSE POSITIVE,FALSE POSITIVE,1.55,0
1482,FALSE POSITIVE,FALSE POSITIVE,1.55,0
1623,CANDIDATE,CANDIDATE,1.55,1
1959,CANDIDATE,CANDIDATE,1.55,1
1986,FALSE POSITIVE,FALSE POSITIVE,1.55,0
2132,FALSE POSITIVE,FALSE POSITIVE,1.55,0
2164,CANDIDATE,CONFIRMED,1.55,1
2187,CANDIDATE,CANDIDATE,1.55,1
2248,FALSE POSITIVE,FALSE POSITIVE,1.55,0
2404,CANDIDATE,CANDIDATE,1.55,1
4142,CANDIDATE,CANDIDATE,1.55,1
5269,CANDIDATE,CANDIDATE,1.55,1
5492,FALSE POSITIVE,FALSE POSITIVE,1.55,0
6036,NOT DISPOSITIONED,NOT DISPOSITIONED,1.55,0
6118,CANDIDATE,CANDIDATE,1.55,1
7018,NOT DISPOSITIONED,NOT DISPOSITIONED,1.55,0
7094,NOT DISPOSITIONED,NOT DISPOSITIONED,1.55,0
3962,CANDIDATE,CANDIDATE,1.551,1
4501,CANDIDATE,CANDIDATE,1.551,1
5203,FALSE POSITIVE,FALSE POSITIVE,1.552,0
5957,NOT DISPOSITIONED,NOT DISPOSITIONED,1.553,0
7187,NOT DISPOSITIONED,NOT DISPOSITIONED,1.553,0
280,CANDIDATE,CONFIRMED,1.56,1
333,CANDIDATE,CONFIRMED,1.56,1
594,CANDIDATE,CANDIDATE,1.56,1
941,CANDIDATE,CANDIDATE,1.56,1
1105,CANDIDATE,CANDIDATE,1.56,1
1742,CANDIDATE,CANDIDATE,1.56,1
2147,CANDIDATE,CANDIDATE,1.56,1
2156,CANDIDATE,CONFIRMED,1.56,1
2738,CANDIDATE,CANDIDATE,1.56,1
3135,CANDIDATE,CONFIRMED,1.56,1
3161,FALSE POSITIVE,FALSE POSITIVE,1.56,0
3831,CANDIDATE,CONFIRMED,1.56,1
6259,NOT DISPOSITIONED,NOT DISPOSITIONED,1.56,0
6489,FALSE POSITIVE,FALSE POSITIVE,1.56,0
7263,NOT DISPOSITIONED,NOT DISPOSITIONED,1.56,0
5338,FALSE POSITIVE,FALSE POSITIVE,1.5626,0
5033,CANDIDATE,CANDIDATE,1.563,1
4943,CANDIDATE,CANDIDATE,1.568,1
4293,CANDIDATE,CANDIDATE,1.569,1
224,CANDIDATE,CONFIRMED,1.57,1
747,CANDIDATE,CONFIRMED,1.57,1
1130,CANDIDATE,CANDIDATE,1.57,1
1466,FALSE POSITIVE,FALSE POSITIVE,1.57,0
1752,CANDIDATE,CANDIDATE,1.57,1
2023,CANDIDATE,CANDIDATE,1.57,1
2234,CANDIDATE,CANDIDATE,1.57,1
2697,CANDIDATE,CANDIDATE,1.57,1
2708,CANDIDATE,CANDIDATE,1.57,1
2995,FALSE POSITIVE,FALSE POSITIVE,1.57,0
3002,CANDIDATE,CONFIRMED,1.57,1
3786,CANDIDATE,CONFIRMED,1.57,1
3981,CANDIDATE,CANDIDATE,1.57,1
5153,CANDIDATE,CANDIDATE,1.57,1
5766,CANDIDATE,CANDIDATE,1.57,1
5796,NOT DISPOSITIONED,NOT DISPOSITIONED,1.57,0
6392,CANDIDATE,CANDIDATE,1.57,1
6628,FALSE POSITIVE,FALSE POSITIVE,1.57,0
6738,NOT DISPOSITIONED,NOT DISPOSITIONED,1.57,0
6981,NOT DISPOSITIONED,NOT DISPOSITIONED,1.57,0
6901,CANDIDATE,CANDIDATE,1.572,1
6080,NOT DISPOSITIONED,NOT DISPOSITIONED,1.574,0
6600,NOT DISPOSITIONED,NOT DISPOSITIONED,1.574,0
531,CANDIDATE,CANDIDATE,1.576,1
6641,FALSE POSITIVE,FALSE POSITIVE,1.578,0
474,CANDIDATE,CONFIRMED,1.58,1
500,CANDIDATE,CONFIRMED,1.58,1
528,FALSE POSITIVE,FALSE POSITIVE,1.58,0
872,CANDIDATE,CONFIRMED,1.58,1
1254,CANDIDATE,CANDIDATE,1.58,1
1394,CANDIDATE,CANDIDATE,1.58,1
1711,CANDIDATE,CONFIRMED,1.58,1
1757,CANDIDATE,CANDIDATE,1.58,1
1801,CANDIDATE,CANDIDATE,1.58,1
2090,CANDIDATE,CANDIDATE,1.58,1
2932,CANDIDATE,CANDIDATE,1.58,1
3163,CANDIDATE,CANDIDATE,1.58,1
3229,CANDIDATE,CONFIRMED,1.58,1
3294,CANDIDATE,CONFIRMED,1.58,1
4380,CANDIDATE,CANDIDATE,1.58,1
4779,CANDIDATE,CANDIDATE,1.58,1
5339,CANDIDATE,CONFIRMED,1.58,1
5514,FALSE POSITIVE,FALSE POSITIVE,1.58,0
5922,NOT DISPOSITIONED,NOT DISPOSITIONED,1.58,0
6545,FALSE POSITIVE,FALSE POSITIVE,1.58,0
6913,CANDIDATE,CANDIDATE,1.58,1
6983,NOT DISPOSITIONED,NOT DISPOSITIONED,1.58,0
4430,CANDIDATE,CANDIDATE,1.587,1
332,CANDIDATE,CONFIRMED,1.59,1
696,CANDIDATE,CANDIDATE,1.59,1
1263,CANDIDATE,CONFIRMED,1.59,1
2171,CANDIDATE,CONFIRMED,1.59,1
2173,CANDIDATE,CANDIDATE,1.59,1
2474,FALSE POSITIVE,FALSE POSITIVE,1.59,0
2611,CANDIDATE,CANDIDATE,1.59,1
2810,CANDIDATE,CONFIRMED,1.59,1
2833,FALSE POSITIVE,FALSE POSITIVE,1.59,0
2834,CANDIDATE,CANDIDATE,1.59,1
3663,CANDIDATE,CANDIDATE,1.59,1
3887,FALSE POSITIVE,FALSE POSITIVE,1.59,0
5909,FALSE POSITIVE,FALSE POSITIVE,1.59,0
6312,NOT DISPOSITIONED,NOT DISPOSITIONED,1.59,0
6498,CANDIDATE,CANDIDATE,1.59,1
7186,NOT DISPOSITIONED,NOT DISPOSITIONED,1.59,0
6389,CANDIDATE,CANDIDATE,1.592,1
4843,CANDIDATE,CANDIDATE,1.594,1
548,CANDIDATE,CONFIRMED,1.6,1
710,FALSE POSITIVE,FALSE POSITIVE,1.6,0
753,CANDIDATE,CANDIDATE,1.6,1
795,CANDIDATE,CONFIRMED,1.6,1
973,FALSE POSITIVE,FALSE POSITIVE,1.6,0
1217,CANDIDATE,CANDIDATE,1.6,1
1498,FALSE POSITIVE,FALSE POSITIVE,1.6,0
1649,CANDIDATE,CANDIDATE,1.6,1
1683,CANDIDATE,CANDIDATE,1.6,1
1692,CANDIDATE,CANDIDATE,1.6,1
1786,CANDIDATE,CANDIDATE,1.6,1
1936,CANDIDATE,CANDIDATE,1.6,1
2058,CANDIDATE,CANDIDATE,1.6,1
2113,CANDIDATE,CANDIDATE,1.6,1
2175,CANDIDATE,CANDIDATE,1.6,1
2250,CANDIDATE,CANDIDATE,1.6,1
2255,FALSE POSITIVE,FALSE POSITIVE,1.6,0
2315,CANDIDATE,CANDIDATE,1.6,1
2551,CANDIDATE,CANDIDATE,1.6,1
2575,FALSE POSITIVE,FALSE POSITIVE,1.6,0
2694,CANDIDATE,CONFIRMED,1.6,1
2756,CANDIDATE,CANDIDATE,1.6,1
2805,CANDIDATE,CONFIRMED,1.6,1
2988,FALSE POSITIVE,FALSE POSITIVE,1.6,0
3137,CANDIDATE,CANDIDATE,1.6,1
3173,FALSE POSITIVE,FALSE POSITIVE,1.6,0
3221,FALSE POSITIVE,FALSE POSITIVE,1.6,0
3481,CANDIDATE,CANDIDATE,1.6,1
3555,CANDIDATE,CANDIDATE,1.6,1
3908,CANDIDATE,CANDIDATE,1.6,1
3984,CANDIDATE,CANDIDATE,1.6,1
4018,FALSE POSITIVE,FALSE POSITIVE,1.6,0
4112,CANDIDATE,CANDIDATE,1.6,1
4280,CANDIDATE,CANDIDATE,1.6,1
4390,FALSE POSITIVE,FALSE POSITIVE,1.6,0
4393,FALSE POSITIVE,FALSE POSITIVE,1.6,0
4438,FALSE POSITIVE,FALSE POSITIVE,1.6,0
4446,FALSE POSITIVE,FALSE POSITIVE,1.6,0
4687,CANDIDATE,CANDIDATE,1.6,1
4862,FALSE POSITIVE,FALSE POSITIVE,1.6,0
5015,FALSE POSITIVE,FALSE POSITIVE,1.6,0
5494,CANDIDATE,CANDIDATE,1.6,1
5511,FALSE POSITIVE,FALSE POSITIVE,1.6,0
5569,FALSE POSITIVE,FALSE POSITIVE,1.6,0
5582,CANDIDATE,CANDIDATE,1.6,1
5583,FALSE POSITIVE,FALSE POSITIVE,1.6,0
5769,FALSE POSITIVE,FALSE POSITIVE,1.6,0
5790,NOT DISPOSITIONED,CONFIRMED,1.6,0
5813,FALSE POSITIVE,FALSE POSITIVE,1.6,0
5822,CANDIDATE,CANDIDATE,1.6,1
5975,FALSE POSITIVE,FALSE POSITIVE,1.6,0
5985,NOT DISPOSITIONED,NOT DISPOSITIONED,1.6,0
6205,CANDIDATE,CANDIDATE,1.6,1
6457,NOT DISPOSITIONED,NOT DISPOSITIONED,1.6,0
4295,CANDIDATE,CANDIDATE,1.606,1
8,FALSE POSITIVE,FALSE POSITIVE,1.608,0
4176,CANDIDATE,CANDIDATE,1.608,1
6870,NOT DISPOSITIONED,NOT DISPOSITIONED,1.608,0
360,CANDIDATE,CANDIDATE,1.61,1
537,FALSE POSITIVE,FALSE POSITIVE,1.61,0
756,CANDIDATE,CONFIRMED,1.61,1
1240,CANDIDATE,CONFIRMED,1.61,1
1677,CANDIDATE,CANDIDATE,1.61,1
2157,CANDIDATE,CONFIRMED,1.61,1
2545,CANDIDATE,CONFIRMED,1.61,1
2582,CANDIDATE,CANDIDATE,1.61,1
3056,CANDIDATE,CONFIRMED,1.61,1
3266,CANDIDATE,CONFIRMED,1.61,1
3380,CANDIDATE,CANDIDATE,1.61,1
3531,FALSE POSITIVE,FALSE POSITIVE,1.61,0
3938,CANDIDATE,CANDIDATE,1.61,1
4274,FALSE POSITIVE,FALSE POSITIVE,1.61,0
4638,CANDIDATE,CANDIDATE,1.61,1
4689,FALSE POSITIVE,FALSE POSITIVE,1.61,0
4949,CANDIDATE,CANDIDATE,1.61,1
4989,CANDIDATE,CONFIRMED,1.61,1
5122,CANDIDATE,CANDIDATE,1.61,1
5953,CANDIDATE,CANDIDATE,1.61,1
6263,FALSE POSITIVE,FALSE POSITIVE,1.61,0
6759,NOT DISPOSITIONED,NOT DISPOSITIONED,1.61,0
5866,CANDIDATE,CANDIDATE,1.611,1
4140,CANDIDATE,CANDIDATE,1.613,1
6129,NOT DISPOSITIONED,NOT DISPOSITIONED,1.615,0
4495,CANDIDATE,CANDIDATE,1.619,1
714,FALSE POSITIVE,FALSE POSITIVE,1.62,0
719,CANDIDATE,CONFIRMED,1.62,1
1072,CANDIDATE,CANDIDATE,1.62,1
1244,CANDIDATE,CONFIRMED,1.62,1
1556,CANDIDATE,CANDIDATE,1.62,1
2043,CANDIDATE,CONFIRMED,1.62,1
2053,CANDIDATE,CANDIDATE,1.62,1
2203,FALSE POSITIVE,FALSE POSITIVE,1.62,0
2261,CANDIDATE,CANDIDATE,1.62,1
2443,CANDIDATE,CANDIDATE,1.62,1
2599,CANDIDATE,CONFIRMED,1.62,1
2919,CANDIDATE,CANDIDATE,1.62,1
3122,CANDIDATE,CONFIRMED,1.62,1
4499,CANDIDATE,CANDIDATE,1.62,1
6280,CANDIDATE,CANDIDATE,1.62,1
6415,FALSE POSITIVE,FALSE POSITIVE,1.62,0
585,CANDIDATE,CANDIDATE,1.623,1
439,CANDIDATE,CONFIRMED,1.624,1
511,FALSE POSITIVE,FALSE POSITIVE,1.624,0
5332,FALSE POSITIVE,FALSE POSITIVE,1.624,0
5372,FALSE POSITIVE,FALSE POSITIVE,1.627,0
129,CANDIDATE,CANDIDATE,1.63,1
629,CANDIDATE,CANDIDATE,1.63,1
642,FALSE POSITIVE,FALSE POSITIVE,1.63,0
733,FALSE POSITIVE,FALSE POSITIVE,1.63,0
815,CANDIDATE,CANDIDATE,1.63,1
1044,CANDIDATE,CANDIDATE,1.63,1
1379,CANDIDATE,CONFIRMED,1.63,1
1564,CANDIDATE,CANDIDATE,1.63,1
1679,CANDIDATE,CANDIDATE,1.63,1
1729,FALSE POSITIVE,FALSE POSITIVE,1.63,0
1902,CANDIDATE,CANDIDATE,1.63,1
1915,CANDIDATE,CONFIRMED,1.63,1
1927,CANDIDATE,CANDIDATE,1.63,1
2070,CANDIDATE,CANDIDATE,1.63,1
2337,CANDIDATE,CANDIDATE,1.63,1
2772,FALSE POSITIVE,FALSE POSITIVE,1.63,0
2945,CANDIDATE,CONFIRMED,1.63,1
2987,CANDIDATE,CANDIDATE,1.63,1
4938,FALSE POSITIVE,FALSE POSITIVE,1.63,0
4996,CANDIDATE,CANDIDATE,1.63,1
5599,FALSE POSITIVE,FALSE POSITIVE,1.63,0
5912,CANDIDATE,CANDIDATE,1.63,1
5972,FALSE POSITIVE,FALSE POSITIVE,1.63,0
6136,FALSE POSITIVE,FALSE POSITIVE,1.63,0
6292,NOT DISPOSITIONED,NOT DISPOSITIONED,1.63,0
6632,NOT DISPOSITIONED,NOT DISPOSITIONED,1.63,0
6912,CANDIDATE,CANDIDATE,1.63,1
5151,CANDIDATE,CANDIDATE,1.631,1
4113,CANDIDATE,CANDIDATE,1.635,1
6170,CANDIDATE,CANDIDATE,1.636,1
6275,NOT DISPOSITIONED,NOT DISPOSITIONED,1.636,0
11,CANDIDATE,CANDIDATE,1.638,1
749,CANDIDATE,CONFIRMED,1.64,1
1219,CANDIDATE,CONFIRMED,1.64,1
1275,CANDIDATE,CANDIDATE,1.64,1
1345,CANDIDATE,CANDIDATE,1.64,1
2083,CANDIDATE,CONFIRMED,1.64,1
2148,CANDIDATE,CANDIDATE,1.64,1
2722,FALSE POSITIVE,FALSE POSITIVE,1.64,0
2941,CANDIDATE,CONFIRMED,1.64,1
3154,FALSE POSITIVE,FALSE POSITIVE,1.64,0
3183,CANDIDATE,CONFIRMED,1.64,1
3630,CANDIDATE,CONFIRMED,1.64,1
3706,CANDIDATE,CANDIDATE,1.64,1
3823,CANDIDATE,CONFIRMED,1.64,1
3848,CANDIDATE,CONFIRMED,1.64,1
4106,CANDIDATE,CANDIDATE,1.64,1
4994,CANDIDATE,CANDIDATE,1.64,1
4998,CANDIDATE,CANDIDATE,1.64,1
5572,CANDIDATE,CANDIDATE,1.64,1
6207,CANDIDATE,CANDIDATE,1.64,1
6452,CANDIDATE,CANDIDATE,1.64,1
6471,FALSE POSITIVE,FALSE POSITIVE,1.64,0
6605,NOT DISPOSITIONED,NOT DISPOSITIONED,1.64,0
6784,NOT DISPOSITIONED,NOT DISPOSITIONED,1.64,0
6876,NOT DISPOSITIONED,NOT DISPOSITIONED,1.64,0
5959,NOT DISPOSITIONED,NOT DISPOSITIONED,1.646,0
6307,FALSE POSITIVE,FALSE POSITIVE,1.647,0
532,FALSE POSITIVE,FALSE POSITIVE,1.65,0
1073,FALSE POSITIVE,FALSE POSITIVE,1.65,0
1277,CANDIDATE,CANDIDATE,1.65,1
1280,CANDIDATE,CANDIDATE,1.65,1
1447,CANDIDATE,CANDIDATE,1.65,1
1855,CANDIDATE,CONFIRMED,1.65,1
1988,CANDIDATE,CANDIDATE,1.65,1
2947,CANDIDATE,CANDIDATE,1.65,1
3044,CANDIDATE,CANDIDATE,1.65,1
3503,CANDIDATE,CONFIRMED,1.65,1
4178,CANDIDATE,CANDIDATE,1.65,1
5742,FALSE POSITIVE,FALSE POSITIVE,1.65,0
5827,FALSE POSITIVE,FALSE POSITIVE,1.65,0
6387,FALSE POSITIVE,FALSE POSITIVE,1.65,0
6609,CANDIDATE,CANDIDATE,1.65,1
7215,NOT DISPOSITIONED,NOT DISPOSITIONED,1.65,0
7243,NOT DISPOSITIONED,NOT DISPOSITIONED,1.65,0
4714,CANDIDATE,CANDIDATE,1.652,1
5281,FALSE POSITIVE,FALSE POSITIVE,1.652,0
5793,NOT DISPOSITIONED,NOT DISPOSITIONED,1.657,0
6063,CANDIDATE,CANDIDATE,1.657,1
6688,NOT DISPOSITIONED,NOT DISPOSITIONED,1.658,0
6882,NOT DISPOSITIONED,NOT DISPOSITIONED,1.659,0
82,FALSE POSITIVE,FALSE POSITIVE,1.66,0
243,CANDIDATE,CONFIRMED,1.66,1
344,CANDIDATE,CONFIRMED,1.66,1
699,CANDIDATE,CANDIDATE,1.66,1
1294,CANDIDATE,CANDIDATE,1.66,1
2320,CANDIDATE,CANDIDATE,1.66,1
2407,CANDIDATE,CANDIDATE,1.66,1
2424,CANDIDATE,CONFIRMED,1.66,1
2526,CANDIDATE,CANDIDATE,1.66,1
2631,CANDIDATE,CANDIDATE,1.66,1
2902,CANDIDATE,CONFIRMED,1.66,1
3432,FALSE POSITIVE,FALSE POSITIVE,1.66,0
3633,CANDIDATE,CONFIRMED,1.66,1
4389,CANDIDATE,CANDIDATE,1.66,1
4500,CANDIDATE,CANDIDATE,1.66,1
6571,NOT DISPOSITIONED,NOT DISPOSITIONED,1.66,0
6741,NOT DISPOSITIONED,NOT DISPOSITIONED,1.66,0
6771,NOT DISPOSITIONED,NOT DISPOSITIONED,1.663,0
4060,CANDIDATE,CANDIDATE,1.664,1
6465,CANDIDATE,CANDIDATE,1.666,1
5374,CANDIDATE,CANDIDATE,1.667,1
6490,NOT DISPOSITIONED,NOT DISPOSITIONED,1.667,0
44,FALSE POSITIVE,FALSE POSITIVE,1.668,0
5076,FALSE POSITIVE,FALSE POSITIVE,1.668,0
7281,NOT DISPOSITIONED,NOT DISPOSITIONED,1.668,0
314,CANDIDATE,CANDIDATE,1.67,1
337,CANDIDATE,CONFIRMED,1.67,1
2005,CANDIDATE,CANDIDATE,1.67,1
2464,CANDIDATE,CANDIDATE,1.67,1
3253,CANDIDATE,CANDIDATE,1.67,1
3396,CANDIDATE,CONFIRMED,1.67,1
3960,CANDIDATE,CANDIDATE,1.67,1
4114,CANDIDATE,CANDIDATE,1.67,1
4426,FALSE POSITIVE,FALSE POSITIVE,1.67,0
5125,CANDIDATE,CANDIDATE,1.67,1
5777,FALSE POSITIVE,FALSE POSITIVE,1.67,0
6064,FALSE POSITIVE,FALSE POSITIVE,1.67,0
6208,NOT DISPOSITIONED,NOT DISPOSITIONED,1.67,0
6436,NOT DISPOSITIONED,NOT DISPOSITIONED,1.67,0
6484,NOT DISPOSITIONED,NOT DISPOSITIONED,1.67,0
6491,NOT DISPOSITIONED,NOT DISPOSITIONED,1.67,0
6506,CANDIDATE,CANDIDATE,1.67,1
6697,CANDIDATE,CANDIDATE,1.67,1
4354,CANDIDATE,CANDIDATE,1.671,1
4935,CANDIDATE,CANDIDATE,1.675,1
4856,FALSE POSITIVE,FALSE POSITIVE,1.677,0
4487,CANDIDATE,CANDIDATE,1.679,1
1146,CANDIDATE,CANDIDATE,1.68,1
1849,FALSE POSITIVE,FALSE POSITIVE,1.68,0
2324,CANDIDATE,CANDIDATE,1.68,1
2942,FALSE POSITIVE,FALSE POSITIVE,1.68,0
3164,CANDIDATE,CONFIRMED,1.68,1
3387,CANDIDATE,CONFIRMED,1.68,1
3557,FALSE POSITIVE,FALSE POSITIVE,1.68,0
4057,CANDIDATE,CANDIDATE,1.68,1
4353,FALSE POSITIVE,FALSE POSITIVE,1.68,0
5072,CANDIDATE,CANDIDATE,1.68,1
6074,NOT DISPOSITIONED,NOT DISPOSITIONED,1.68,0
6238,CANDIDATE,CANDIDATE,1.68,1
6634,CANDIDATE,CANDIDATE,1.68,1
6879,FALSE POSITIVE,FALSE POSITIVE,1.68,0
6896,NOT DISPOSITIONED,NOT DISPOSITIONED,1.68,0
542,CANDIDATE,CANDIDATE,1.69,1
597,CANDIDATE,CANDIDATE,1.69,1
816,CANDIDATE,CANDIDATE,1.69,1
1503,CANDIDATE,CONFIRMED,1.69,1
1514,CANDIDATE,CONFIRMED,1.69,1
1941,CANDIDATE,CONFIRMED,1.69,1
2217,FALSE POSITIVE,FALSE POSITIVE,1.69,0
2442,FALSE POSITIVE,FALSE POSITIVE,1.69,0
2539,CANDIDATE,CANDIDATE,1.69,1
3226,CANDIDATE,CANDIDATE,1.69,1
3544,FALSE POSITIVE,FALSE POSITIVE,1.69,0
4684,CANDIDATE,CONFIRMED,1.69,1
5872,CANDIDATE,CANDIDATE,1.69,1
7054,NOT DISPOSITIONED,NOT DISPOSITIONED,1.69,0
6261,FALSE POSITIVE,FALSE POSITIVE,1.692,0
454,FALSE POSITIVE,FALSE POSITIVE,1.693,0
4955,CANDIDATE,CANDIDATE,1.694,1
6933,FALSE POSITIVE,FALSE POSITIVE,1.696,0
5129,CANDIDATE,CANDIDATE,1.697,1
36,FALSE POSITIVE,FALSE POSITIVE,1.698,0
5149,FALSE POSITIVE,FALSE POSITIVE,1.6981,0
70,FALSE POSITIVE,FALSE POSITIVE,1.7,0
297,CANDIDATE,CONFIRMED,1.7,1
498,CANDIDATE,CONFIRMED,1.7,1
507,FALSE POSITIVE,FALSE POSITIVE,1.7,0
530,CANDIDATE,CANDIDATE,1.7,1
709,FALSE POSITIVE,FALSE POSITIVE,1.7,0
804,FALSE POSITIVE,FALSE POSITIVE,1.7,0
825,CANDIDATE,CANDIDATE,1.7,1
978,CANDIDATE,CONFIRMED,1.7,1
1060,CANDIDATE,CONFIRMED,1.7,1
1158,FALSE POSITIVE,FALSE POSITIVE,1.7,0
1190,CANDIDATE,CONFIRMED,1.7,1
1255,CANDIDATE,CANDIDATE,1.7,1
1272,CANDIDATE,CANDIDATE,1.7,1
1321,CANDIDATE,CONFIRMED,1.7,1
1390,FALSE POSITIVE,FALSE POSITIVE,1.7,0
1493,FALSE POSITIVE,FALSE POSITIVE,1.7,0
1880,CANDIDATE,CONFIRMED,1.7,1
1916,CANDIDATE,CONFIRMED,1.7,1
1925,CANDIDATE,CANDIDATE,1.7,1
2048,FALSE POSITIVE,FALSE POSITIVE,1.7,0
2074,CANDIDATE,CANDIDATE,1.7,1
2129,FALSE POSITIVE,FALSE POSITIVE,1.7,0
2215,CANDIDATE,CANDIDATE,1.7,1
2242,CANDIDATE,CONFIRMED,1.7,1
2380,CANDIDATE,CANDIDATE,1.7,1
2411,CANDIDATE,CANDIDATE,1.7,1
2677,CANDIDATE,CONFIRMED,1.7,1
2720,FALSE POSITIVE,FALSE POSITIVE,1.7,0
2826,CANDIDATE,CANDIDATE,1.7,1
3068,CANDIDATE,CANDIDATE,1.7,1
3300,FALSE POSITIVE,FALSE POSITIVE,1.7,0
3414,CANDIDATE,CONFIRMED,1.7,1
3430,CANDIDATE,CANDIDATE,1.7,1
3435,FALSE POSITIVE,FALSE POSITIVE,1.7,0
3527,FALSE POSITIVE,FALSE POSITIVE,1.7,0
3686,CANDIDATE,CONFIRMED,1.7,1
3935,FALSE POSITIVE,FALSE POSITIVE,1.7,0
4064,FALSE POSITIVE,FALSE POSITIVE,1.7,0
4069,FALSE POSITIVE,FALSE POSITIVE,1.7,0
4116,FALSE POSITIVE,FALSE POSITIVE,1.7,0
4138,FALSE POSITIVE,FALSE POSITIVE,1.7,0
4141,FALSE POSITIVE,FALSE POSITIVE,1.7,0
4199,CANDIDATE,CANDIDATE,1.7,1
4210,FALSE POSITIVE,FALSE POSITIVE,1.7,0
4252,CANDIDATE,CANDIDATE,1.7,1
4282,FALSE POSITIVE,FALSE POSITIVE,1.7,0
4289,FALSE POSITIVE,FALSE POSITIVE,1.7,0
4330,FALSE POSITIVE,FALSE POSITIVE,1.7,0
4337,FALSE POSITIVE,FALSE POSITIVE,1.7,0
4512,CANDIDATE,CANDIDATE,1.7,1
4688,FALSE POSITIVE,FALSE POSITIVE,1.7,0
4695,FALSE POSITIVE,FALSE POSITIVE,1.7,0
4732,CANDIDATE,CANDIDATE,1.7,1
4738,CANDIDATE,CANDIDATE,1.7,1
4776,FALSE POSITIVE,FALSE POSITIVE,1.7,0
4854,CANDIDATE,CANDIDATE,1.7,1
4999,FALSE POSITIVE,FALSE POSITIVE,1.7,0
5039,FALSE POSITIVE,FALSE POSITIVE,1.7,0
5309,FALSE POSITIVE,FALSE POSITIVE,1.7,0
5548,FALSE POSITIVE,FALSE POSITIVE,1.7,0
5630,FALSE POSITIVE,FALSE POSITIVE,1.7,0
5652,FALSE POSITIVE,FALSE POSITIVE,1.7,0
5682,FALSE POSITIVE,FALSE POSITIVE,1.7,0
5686,FALSE POSITIVE,FALSE POSITIVE,1.7,0
5727,FALSE POSITIVE,FALSE POSITIVE,1.7,0
5772,FALSE POSITIVE,FALSE POSITIVE,1.7,0
5773,FALSE POSITIVE,FALSE POSITIVE,1.7,0
6386,NOT DISPOSITIONED,NOT DISPOSITIONED,1.7,0
6475,CANDIDATE,CANDIDATE,1.7,1
6899,FALSE POSITIVE,FALSE POSITIVE,1.7,0
6762,CANDIDATE,CANDIDATE,1.706,1
6364,FALSE POSITIVE,FALSE POSITIVE,1.709,0
489,CANDIDATE,CONFIRMED,1.71,1
827,CANDIDATE,CANDIDATE,1.71,1
1826,FALSE POSITIVE,FALSE POSITIVE,1.71,0
2072,CANDIDATE,CANDIDATE,1.71,1
2224,CANDIDATE,CONFIRMED,1.71,1
2763,CANDIDATE,CANDIDATE,1.71,1
3785,CANDIDATE,CONFIRMED,1.71,1
3866,CANDIDATE,CANDIDATE,1.71,1
3876,CANDIDATE,CANDIDATE,1.71,1
4422,FALSE POSITIVE,FALSE POSITIVE,1.71,0
4429,CANDIDATE,CANDIDATE,1.71,1
4807,FALSE POSITIVE,FALSE POSITIVE,1.71,0
5390,CANDIDATE,CANDIDATE,1.71,1
5738,FALSE POSITIVE,FALSE POSITIVE,1.71,0
5899,CANDIDATE,CANDIDATE,1.71,1
6030,NOT DISPOSITIONED,NOT DISPOSITIONED,1.71,0
6142,NOT DISPOSITIONED,NOT DISPOSITIONED,1.71,0
6326,NOT DISPOSITIONED,NOT DISPOSITIONED,1.71,0
6377,FALSE POSITIVE,FALSE POSITIVE,1.71,0
6821,NOT DISPOSITIONED,NOT DISPOSITIONED,1.71,0
4063,CANDIDATE,CANDIDATE,1.712,1
4706,CANDIDATE,CANDIDATE,1.717,1
78,FALSE POSITIVE,FALSE POSITIVE,1.72,0
111,CANDIDATE,CANDIDATE,1.72,1
621,CANDIDATE,CONFIRMED,1.72,1
698,CANDIDATE,CANDIDATE,1.72,1
914,CANDIDATE,CANDIDATE,1.72,1
1152,CANDIDATE,CONFIRMED,1.72,1
1436,CANDIDATE,CONFIRMED,1.72,1
2031,CANDIDATE,CANDIDATE,1.72,1
2167,CANDIDATE,CANDIDATE,1.72,1
2866,CANDIDATE,CANDIDATE,1.72,1
3359,FALSE POSITIVE,FALSE POSITIVE,1.72,0
4307,CANDIDATE,CANDIDATE,1.72,1
4895,CANDIDATE,CANDIDATE,1.72,1
5380,CANDIDATE,CANDIDATE,1.72,1
5931,FALSE POSITIVE,FALSE POSITIVE,1.72,0
6181,FALSE POSITIVE,FALSE POSITIVE,1.72,0
6373,NOT DISPOSITIONED,NOT DISPOSITIONED,1.72,0
7037,NOT DISPOSITIONED,NOT DISPOSITIONED,1.72,0
4539,CANDIDATE,CANDIDATE,1.722,1
4837,CANDIDATE,CANDIDATE,1.722,1
94,CANDIDATE,CANDIDATE,1.729,1
182,CANDIDATE,CONFIRMED,1.73,1
865,FALSE POSITIVE,FALSE POSITIVE,1.73,0
906,CANDIDATE,CANDIDATE,1.73,1
1000,FALSE POSITIVE,FALSE POSITIVE,1.73,0
1434,CANDIDATE,CANDIDATE,1.73,1
1921,CANDIDATE,CANDIDATE,1.73,1
1922,CANDIDATE,CANDIDATE,1.73,1
2303,CANDIDATE,CANDIDATE,1.73,1
2975,CANDIDATE,CONFIRMED,1.73,1
2996,CANDIDATE,CONFIRMED,1.73,1
4954,CANDIDATE,CANDIDATE,1.73,1
5942,NOT DISPOSITIONED,NOT DISPOSITIONED,1.73,0
6050,NOT DISPOSITIONED,NOT DISPOSITIONED,1.73,0
6140,FALSE POSITIVE,FALSE POSITIVE,1.73,0
6376,CANDIDATE,CANDIDATE,1.73,1
6995,NOT DISPOSITIONED,NOT DISPOSITIONED,1.73,0
7086,NOT DISPOSITIONED,NOT DISPOSITIONED,1.734,0
4735,FALSE POSITIVE,FALSE POSITIVE,1.737,0
452,CANDIDATE,CONFIRMED,1.74,1
1026,CANDIDATE,CONFIRMED,1.74,1
1224,CANDIDATE,CANDIDATE,1.74,1
1605,CANDIDATE,CONFIRMED,1.74,1
2168,CANDIDATE,CANDIDATE,1.74,1
2452,CANDIDATE,CONFIRMED,1.74,1
3818,CANDIDATE,CANDIDATE,1.74,1
4826,CANDIDATE,CANDIDATE,1.74,1
5111,CANDIDATE,CANDIDATE,1.74,1
5399,CANDIDATE,CANDIDATE,1.74,1
5586,FALSE POSITIVE,FALSE POSITIVE,1.74,0
5663,FALSE POSITIVE,FALSE POSITIVE,1.74,0
6454,NOT DISPOSITIONED,NOT DISPOSITIONED,1.74,0
6823,NOT DISPOSITIONED,NOT DISPOSITIONED,1.74,0
4507,CANDIDATE,CANDIDATE,1.748,1
5801,CANDIDATE,CANDIDATE,1.748,1
6968,NOT DISPOSITIONED,NOT DISPOSITIONED,1.748,0
429,FALSE POSITIVE,FALSE POSITIVE,1.75,0
1717,CANDIDATE,CANDIDATE,1.75,1
2541,CANDIDATE,CONFIRMED,1.75,1
2576,CANDIDATE,CONFIRMED,1.75,1
3707,FALSE POSITIVE,FALSE POSITIVE,1.75,0
4051,CANDIDATE,CANDIDATE,1.75,1
4124,FALSE POSITIVE,FALSE POSITIVE,1.75,0
5810,FALSE POSITIVE,FALSE POSITIVE,1.75,0
6160,CANDIDATE,CANDIDATE,1.75,1
6353,NOT DISPOSITIONED,NOT DISPOSITIONED,1.75,0
6360,FALSE POSITIVE,FALSE POSITIVE,1.75,0
7238,NOT DISPOSITIONED,NOT DISPOSITIONED,1.75,0
6864,FALSE POSITIVE,FALSE POSITIVE,1.754,0
195,FALSE POSITIVE,FALSE POSITIVE,1.7546,0
7068,NOT DISPOSITIONED,NOT DISPOSITIONED,1.755,0
27,FALSE POSITIVE,FALSE POSITIVE,1.756,0
4628,CANDIDATE,CONFIRMED,1.757,1
5340,FALSE POSITIVE,FALSE POSITIVE,1.759,0
643,CANDIDATE,CANDIDATE,1.76,1
1406,CANDIDATE,CONFIRMED,1.76,1
1478,FALSE POSITIVE,FALSE POSITIVE,1.76,0
2139,CANDIDATE,CANDIDATE,1.76,1
2572,CANDIDATE,CONFIRMED,1.76,1
2778,FALSE POSITIVE,FALSE POSITIVE,1.76,0
4444,FALSE POSITIVE,FALSE POSITIVE,1.76,0
4711,FALSE POSITIVE,FALSE POSITIVE,1.76,0
5737,FALSE POSITIVE,FALSE POSITIVE,1.76,0
5864,FALSE POSITIVE,FALSE POSITIVE,1.76,0
5932,NOT DISPOSITIONED,NOT DISPOSITIONED,1.76,0
6163,FALSE POSITIVE,FALSE POSITIVE,1.76,0
6184,FALSE POSITIVE,FALSE POSITIVE,1.76,0
6092,FALSE POSITIVE,FALSE POSITIVE,1.762,0
5246,FALSE POSITIVE,FALSE POSITIVE,1.767,0
5277,FALSE POSITIVE,FALSE POSITIVE,1.769,0
335,CANDIDATE,CONFIRMED,1.77,1
412,CANDIDATE,CONFIRMED,1.77,1
1110,CANDIDATE,CANDIDATE,1.77,1
1675,CANDIDATE,CANDIDATE,1.77,1
1957,CANDIDATE,CANDIDATE,1.77,1
2190,CANDIDATE,CANDIDATE,1.77,1
2460,CANDIDATE,CANDIDATE,1.77,1
2471,CANDIDATE,CANDIDATE,1.77,1
3738,CANDIDATE,CANDIDATE,1.77,1
4167,FALSE POSITIVE,FALSE POSITIVE,1.77,0
4909,CANDIDATE,CANDIDATE,1.77,1
5915,CANDIDATE,CANDIDATE,1.77,1
6345,FALSE POSITIVE,FALSE POSITIVE,1.77,0
6431,NOT DISPOSITIONED,NOT DISPOSITIONED,1.77,0
5825,FALSE POSITIVE,FALSE POSITIVE,1.773,0
6461,NOT DISPOSITIONED,NOT DISPOSITIONED,1.773,0
7081,NOT DISPOSITIONED,NOT DISPOSITIONED,1.773,0
5383,FALSE POSITIVE,FALSE POSITIVE,1.775,0
4902,CANDIDATE,CANDIDATE,1.777,1
6217,CANDIDATE,CANDIDATE,1.778,1
1086,CANDIDATE,CONFIRMED,1.78,1
2614,CANDIDATE,CANDIDATE,1.78,1
2628,CANDIDATE,CANDIDATE,1.78,1
2646,CANDIDATE,CANDIDATE,1.78,1
2966,CANDIDATE,CANDIDATE,1.78,1
3854,FALSE POSITIVE,FALSE POSITIVE,1.78,0
4997,CANDIDATE,CANDIDATE,1.78,1
6183,CANDIDATE,CANDIDATE,1.78,1
6354,NOT DISPOSITIONED,NOT DISPOSITIONED,1.78,0
6404,FALSE POSITIVE,FALSE POSITIVE,1.78,0
6815,FALSE POSITIVE,FALSE POSITIVE,1.78,0
81,CANDIDATE,CANDIDATE,1.781,1
22,CANDIDATE,CANDIDATE,1.789,1
567,CANDIDATE,CANDIDATE,1.79,1
602,CANDIDATE,CANDIDATE,1.79,1
812,CANDIDATE,CANDIDATE,1.79,1
1378,CANDIDATE,CONFIRMED,1.79,1
1733,CANDIDATE,CANDIDATE,1.79,1
2486,CANDIDATE,CANDIDATE,1.79,1
2571,CANDIDATE,CONFIRMED,1.79,1
2972,CANDIDATE,CANDIDATE,1.79,1
3801,CANDIDATE,CONFIRMED,1.79,1
4194,FALSE POSITIVE,FALSE POSITIVE,1.79,0
4702,CANDIDATE,CANDIDATE,1.79,1
5491,FALSE POSITIVE,FALSE POSITIVE,1.79,0
5694,FALSE POSITIVE,FALSE POSITIVE,1.79,0
5939,FALSE POSITIVE,FALSE POSITIVE,1.79,0
6276,CANDIDATE,CANDIDATE,1.79,1
6993,NOT DISPOSITIONED,NOT DISPOSITIONED,1.793,0
103,FALSE POSITIVE,FALSE POSITIVE,1.795,0
5146,FALSE POSITIVE,FALSE POSITIVE,1.799,0
80,FALSE POSITIVE,FALSE POSITIVE,1.8,0
101,CANDIDATE,CANDIDATE,1.8,1
168,FALSE POSITIVE,FALSE POSITIVE,1.8,0
581,CANDIDATE,CANDIDATE,1.8,1
671,FALSE POSITIVE,FALSE POSITIVE,1.8,0
874,FALSE POSITIVE,FALSE POSITIVE,1.8,0
927,CANDIDATE,CANDIDATE,1.8,1
1055,CANDIDATE,CANDIDATE,1.8,1
1104,CANDIDATE,CANDIDATE,1.8,1
1222,FALSE POSITIVE,FALSE POSITIVE,1.8,0
1731,CANDIDATE,CONFIRMED,1.8,1
1994,CANDIDATE,CANDIDATE,1.8,1
2046,CANDIDATE,CANDIDATE,1.8,1
2104,CANDIDATE,CANDIDATE,1.8,1
2140,CANDIDATE,CANDIDATE,1.8,1
2182,CANDIDATE,CANDIDATE,1.8,1
2256,FALSE POSITIVE,FALSE POSITIVE,1.8,0
2296,CANDIDATE,CANDIDATE,1.8,1
2325,CANDIDATE,CANDIDATE,1.8,1
2363,CANDIDATE,CANDIDATE,1.8,1
2438,CANDIDATE,CANDIDATE,1.8,1
2485,FALSE POSITIVE,FALSE POSITIVE,1.8,0
2496,FALSE POSITIVE,FALSE POSITIVE,1.8,0
2552,CANDIDATE,CANDIDATE,1.8,1
2560,CANDIDATE,CANDIDATE,1.8,1
2693,CANDIDATE,CONFIRMED,1.8,1
2696,CANDIDATE,CANDIDATE,1.8,1
2723,FALSE POSITIVE,FALSE POSITIVE,1.8,0
2724,CANDIDATE,CANDIDATE,1.8,1
2726,FALSE POSITIVE,FALSE POSITIVE,1.8,0
2773,CANDIDATE,CANDIDATE,1.8,1
3004,CANDIDATE,CANDIDATE,1.8,1
3132,CANDIDATE,CANDIDATE,1.8,1
3491,FALSE POSITIVE,FALSE POSITIVE,1.8,0
3493,CANDIDATE,CANDIDATE,1.8,1
3498,FALSE POSITIVE,FALSE POSITIVE,1.8,0
3542,CANDIDATE,CANDIDATE,1.8,1
3543,FALSE POSITIVE,FALSE POSITIVE,1.8,0
3701,CANDIDATE,CANDIDATE,1.8,1
3787,CANDIDATE,CONFIRMED,1.8,1
3934,FALSE POSITIVE,FALSE POSITIVE,1.8,0
3945,CANDIDATE,CANDIDATE,1.8,1
3963,CANDIDATE,CANDIDATE,1.8,1
3986,CANDIDATE,CANDIDATE,1.8,1
4013,FALSE POSITIVE,FALSE POSITIVE,1.8,0
4053,FALSE POSITIVE,FALSE POSITIVE,1.8,0
4101,FALSE POSITIVE,FALSE POSITIVE,1.8,0
4166,FALSE POSITIVE,FALSE POSITIVE,1.8,0
4268,FALSE POSITIVE,FALSE POSITIVE,1.8,0
4349,FALSE POSITIVE,FALSE POSITIVE,1.8,0
4436,FALSE POSITIVE,FALSE POSITIVE,1.8,0
4763,CANDIDATE,CANDIDATE,1.8,1
5018,FALSE POSITIVE,FALSE POSITIVE,1.8,0
5214,FALSE POSITIVE,FALSE POSITIVE,1.8,0
5539,CANDIDATE,CANDIDATE,1.8,1
5673,FALSE POSITIVE,FALSE POSITIVE,1.8,0
5698,FALSE POSITIVE,FALSE POSITIVE,1.8,0
5756,FALSE POSITIVE,FALSE POSITIVE,1.8,0
6146,FALSE POSITIVE,FALSE POSITIVE,1.8,0
6193,NOT DISPOSITIONED,NOT DISPOSITIONED,1.8,0
6767,NOT DISPOSITIONED,NOT DISPOSITIONED,1.8,0
6918,CANDIDATE,CANDIDATE,1.8,1
6443,NOT DISPOSITIONED,NOT DISPOSITIONED,1.801,0
6937,NOT DISPOSITIONED,NOT DISPOSITIONED,1.802,0
5990,NOT DISPOSITIONED,NOT DISPOSITIONED,1.807,0
6548,NOT DISPOSITIONED,NOT DISPOSITIONED,1.809,0
731,FALSE POSITIVE,FALSE POSITIVE,1.81,0
2057,FALSE POSITIVE,FALSE POSITIVE,1.81,0
2372,CANDIDATE,CONFIRMED,1.81,1
2556,FALSE POSITIVE,FALSE POSITIVE,1.81,0
2865,CANDIDATE,CANDIDATE,1.81,1
3631,CANDIDATE,CONFIRMED,1.81,1
7166,NOT DISPOSITIONED,NOT DISPOSITIONED,1.81,0
376,CANDIDATE,CONFIRMED,1.812,1
4873,CANDIDATE,CANDIDATE,1.812,1
4498,CANDIDATE,CANDIDATE,1.815,1
6676,FALSE POSITIVE,FALSE POSITIVE,1.819,0
202,FALSE POSITIVE,FALSE POSITIVE,1.82,0
644,CANDIDATE,CONFIRMED,1.82,1
1475,FALSE POSITIVE,FALSE POSITIVE,1.82,0
1535,CANDIDATE,CANDIDATE,1.82,1
1648,CANDIDATE,CANDIDATE,1.82,1
1656,CANDIDATE,CONFIRMED,1.82,1
1912,CANDIDATE,CONFIRMED,1.82,1
2334,CANDIDATE,CANDIDATE,1.82,1
2403,CANDIDATE,CANDIDATE,1.82,1
2648,CANDIDATE,CANDIDATE,1.82,1
2850,CANDIDATE,CONFIRMED,1.82,1
3427,CANDIDATE,CANDIDATE,1.82,1
3572,CANDIDATE,CANDIDATE,1.82,1
3600,CANDIDATE,CANDIDATE,1.82,1
4208,FALSE POSITIVE,FALSE POSITIVE,1.82,0
4333,FALSE POSITIVE,FALSE POSITIVE,1.82,0
5641,CANDIDATE,CANDIDATE,1.82,1
6024,FALSE POSITIVE,FALSE POSITIVE,1.82,0
6528,CANDIDATE,CANDIDATE,1.82,1
6630,FALSE POSITIVE,FALSE POSITIVE,1.82,0
6679,CANDIDATE,CANDIDATE,1.82,1
7277,NOT DISPOSITIONED,NOT DISPOSITIONED,1.82,0
5274,FALSE POSITIVE,FALSE POSITIVE,1.829,0
349,FALSE POSITIVE,FALSE POSITIVE,1.83,0
1023,CANDIDATE,CANDIDATE,1.83,1
2662,CANDIDATE,CANDIDATE,1.83,1
3089,CANDIDATE,CANDIDATE,1.83,1
3291,FALSE POSITIVE,FALSE POSITIVE,1.83,0
3607,CANDIDATE,CANDIDATE,1.83,1
3610,FALSE POSITIVE,FALSE POSITIVE,1.83,0
3807,CANDIDATE,CONFIRMED,1.83,1
4006,CANDIDATE,CANDIDATE,1.83,1
4156,FALSE POSITIVE,FALSE POSITIVE,1.83,0
4200,CANDIDATE,CANDIDATE,1.83,1
4326,FALSE POSITIVE,FALSE POSITIVE,1.83,0
5724,CANDIDATE,CANDIDATE,1.83,1
5855,FALSE POSITIVE,FALSE POSITIVE,1.83,0
6985,NOT DISPOSITIONED,NOT DISPOSITIONED,1.83,0
6591,NOT DISPOSITIONED,NOT DISPOSITIONED,1.8357,0
6852,FALSE POSITIVE,FALSE POSITIVE,1.8359,0
4901,CANDIDATE,CANDIDATE,1.838,1
4977,FALSE POSITIVE,FALSE POSITIVE,1.838,0
5100,CANDIDATE,CANDIDATE,1.838,1
1095,FALSE POSITIVE,FALSE POSITIVE,1.84,0
1114,CANDIDATE,CANDIDATE,1.84,1
1237,CANDIDATE,CANDIDATE,1.84,1
2761,CANDIDATE,CONFIRMED,1.84,1
2788,CANDIDATE,CONFIRMED,1.84,1
2903,CANDIDATE,CONFIRMED,1.84,1
3054,CANDIDATE,CONFIRMED,1.84,1
3171,CANDIDATE,CANDIDATE,1.84,1
3637,CANDIDATE,CONFIRMED,1.84,1
3659,CANDIDATE,CANDIDATE,1.84,1
5063,CANDIDATE,CANDIDATE,1.84,1
5851,CANDIDATE,CANDIDATE,1.84,1
6053,CANDIDATE,CANDIDATE,1.84,1
6394,NOT DISPOSITIONED,NOT DISPOSITIONED,1.84,0
6997,NOT DISPOSITIONED,NOT DISPOSITIONED,1.84,0
7269,NOT DISPOSITIONED,NOT DISPOSITIONED,1.84,0
5204,CANDIDATE,CANDIDATE,1.842,1
6303,NOT DISPOSITIONED,NOT DISPOSITIONED,1.842,0
6547,NOT DISPOSITIONED,NOT DISPOSITIONED,1.844,0
5430,FALSE POSITIVE,FALSE POSITIVE,1.845,0
7253,NOT DISPOSITIONED,NOT DISPOSITIONED,1.846,0
586,FALSE POSITIVE,FALSE POSITIVE,1.847,0
4460,FALSE POSITIVE,FALSE POSITIVE,1.847,0
555,CANDIDATE,CANDIDATE,1.85,1
755,CANDIDATE,CONFIRMED,1.85,1
1513,CANDIDATE,CANDIDATE,1.85,1
1667,CANDIDATE,CONFIRMED,1.85,1
1671,CANDIDATE,CANDIDATE,1.85,1
1868,CANDIDATE,CANDIDATE,1.85,1
1889,CANDIDATE,CANDIDATE,1.85,1
1893,CANDIDATE,CANDIDATE,1.85,1
2179,FALSE POSITIVE,FALSE POSITIVE,1.85,0
2377,CANDIDATE,CONFIRMED,1.85,1
2673,CANDIDATE,CONFIRMED,1.85,1
2914,CANDIDATE,CONFIRMED,1.85,1
3150,CANDIDATE,CONFIRMED,1.85,1
3403,CANDIDATE,CANDIDATE,1.85,1
3535,FALSE POSITIVE,FALSE POSITIVE,1.85,0
4080,FALSE POSITIVE,FALSE POSITIVE,1.85,0
5118,CANDIDATE,CANDIDATE,1.85,1
5846,FALSE POSITIVE,FALSE POSITIVE,1.85,0
6691,NOT DISPOSITIONED,NOT DISPOSITIONED,1.85,0
5951,FALSE POSITIVE,FALSE POSITIVE,1.853,0
6273,NOT DISPOSITIONED,NOT DISPOSITIONED,1.856,0
7182,NOT DISPOSITIONED,NOT DISPOSITIONED,1.857,0
7262,NOT DISPOSITIONED,NOT DISPOSITIONED,1.858,0
967,CANDIDATE,CANDIDATE,1.86,1
1258,FALSE POSITIVE,FALSE POSITIVE,1.86,0
1613,CANDIDATE,CANDIDATE,1.86,1
2849,CANDIDATE,CONFIRMED,1.86,1
3228,CANDIDATE,CONFIRMED,1.86,1
3952,CANDIDATE,CANDIDATE,1.86,1
4017,CANDIDATE,CANDIDATE,1.86,1
5310,FALSE POSITIVE,FALSE POSITIVE,1.86,0
6700,FALSE POSITIVE,FALSE POSITIVE,1.86,0
6785,FALSE POSITIVE,FALSE POSITIVE,1.86,0
4038,CANDIDATE,CANDIDATE,1.861,1
1262,CANDIDATE,CONFIRMED,1.87,1
1443,FALSE POSITIVE,FALSE POSITIVE,1.87,0
1474,CANDIDATE,CANDIDATE,1.87,1
1669,CANDIDATE,CANDIDATE,1.87,1
1756,CANDIDATE,CANDIDATE,1.87,1
1790,CANDIDATE,CONFIRMED,1.87,1
2573,CANDIDATE,CONFIRMED,1.87,1
5526,FALSE POSITIVE,FALSE POSITIVE,1.87,0
6582,FALSE POSITIVE,FALSE POSITIVE,1.87,0
6892,CANDIDATE,CANDIDATE,1.87,1
6902,CANDIDATE,CANDIDATE,1.87,1
7003,NOT DISPOSITIONED,NOT DISPOSITIONED,1.87,0
7242,NOT DISPOSITIONED,NOT DISPOSITIONED,1.87,0
5425,FALSE POSITIVE,FALSE POSITIVE,1.874,0
6327,NOT DISPOSITIONED,NOT DISPOSITIONED,1.874,0
6947,NOT DISPOSITIONED,NOT DISPOSITIONED,1.875,0
4817,CANDIDATE,CANDIDATE,1.877,1
389,CANDIDATE,CANDIDATE,1.88,1
1103,CANDIDATE,CANDIDATE,1.88,1
1464,CANDIDATE,CONFIRMED,1.88,1
2024,CANDIDATE,CONFIRMED,1.88,1
2752,CANDIDATE,CONFIRMED,1.88,1
4111,FALSE POSITIVE,FALSE POSITIVE,1.88,0
4384,FALSE POSITIVE,FALSE POSITIVE,1.88,0
4701,CANDIDATE,CANDIDATE,1.88,1
5034,CANDIDATE,CANDIDATE,1.88,1
5501,FALSE POSITIVE,FALSE POSITIVE,1.88,0
5883,CANDIDATE,CANDIDATE,1.88,1
5903,CANDIDATE,CANDIDATE,1.88,1
6576,NOT DISPOSITIONED,NOT DISPOSITIONED,1.881,0
6440,FALSE POSITIVE,FALSE POSITIVE,1.882,0
5088,CANDIDATE,CANDIDATE,1.886,1
680,CANDIDATE,CONFIRMED,1.89,1
746,CANDIDATE,CONFIRMED,1.89,1
1048,CANDIDATE,CANDIDATE,1.89,1
1290,CANDIDATE,CANDIDATE,1.89,1
1528,CANDIDATE,CONFIRMED,1.89,1
1612,CANDIDATE,CANDIDATE,1.89,1
1670,CANDIDATE,CANDIDATE,1.89,1
1917,CANDIDATE,CANDIDATE,1.89,1
2489,CANDIDATE,CONFIRMED,1.89,1
2616,CANDIDATE,CANDIDATE,1.89,1
2813,CANDIDATE,CONFIRMED,1.89,1
3914,FALSE POSITIVE,FALSE POSITIVE,1.89,0
4007,CANDIDATE,CANDIDATE,1.89,1
4285,FALSE POSITIVE,FALSE POSITIVE,1.89,0
4372,CANDIDATE,CANDIDATE,1.89,1
4833,CANDIDATE,CANDIDATE,1.89,1
5590,FALSE POSITIVE,FALSE POSITIVE,1.89,0
5650,FALSE POSITIVE,FALSE POSITIVE,1.89,0
7247,NOT DISPOSITIONED,NOT DISPOSITIONED,1.89,0
6707,CANDIDATE,CANDIDATE,1.892,1
51,CANDIDATE,CANDIDATE,1.9,1
411,FALSE POSITIVE,FALSE POSITIVE,1.9,0
637,FALSE POSITIVE,FALSE POSITIVE,1.9,0
694,CANDIDATE,CANDIDATE,1.9,1
723,CANDIDATE,CANDIDATE,1.9,1
810,CANDIDATE,CONFIRMED,1.9,1
968,CANDIDATE,CANDIDATE,1.9,1
1100,FALSE POSITIVE,FALSE POSITIVE,1.9,0
1127,FALSE POSITIVE,FALSE POSITIVE,1.9,0
1163,FALSE POSITIVE,FALSE POSITIVE,1.9,0
1216,FALSE POSITIVE,FALSE POSITIVE,1.9,0
1235,CANDIDATE,CANDIDATE,1.9,1
1318,FALSE POSITIVE,FALSE POSITIVE,1.9,0
1328,FALSE POSITIVE,FALSE POSITIVE,1.9,0
1521,CANDIDATE,CANDIDATE,1.9,1
1653,CANDIDATE,CANDIDATE,1.9,1
1773,FALSE POSITIVE,FALSE POSITIVE,1.9,0
1962,CANDIDATE,CANDIDATE,1.9,1
1992,FALSE POSITIVE,FALSE POSITIVE,1.9,0
2044,CANDIDATE,CANDIDATE,1.9,1
2115,CANDIDATE,CANDIDATE,1.9,1
2138,CANDIDATE,CANDIDATE,1.9,1
2180,CANDIDATE,CANDIDATE,1.9,1
2192,CANDIDATE,CANDIDATE,1.9,1
2211,FALSE POSITIVE,FALSE POSITIVE,1.9,0
2346,CANDIDATE,CANDIDATE,1.9,1
2629,CANDIDATE,CANDIDATE,1.9,1
2670,CANDIDATE,CANDIDATE,1.9,1
2797,CANDIDATE,CANDIDATE,1.9,1
2934,FALSE POSITIVE,FALSE POSITIVE,1.9,0
2951,FALSE POSITIVE,FALSE POSITIVE,1.9,0
2980,FALSE POSITIVE,FALSE POSITIVE,1.9,0
3330,CANDIDATE,CANDIDATE,1.9,1
3421,FALSE POSITIVE,FALSE POSITIVE,1.9,0
3523,FALSE POSITIVE,FALSE POSITIVE,1.9,0
3590,FALSE POSITIVE,FALSE POSITIVE,1.9,0
3592,FALSE POSITIVE,FALSE POSITIVE,1.9,0
3681,CANDIDATE,CONFIRMED,1.9,1
3851,CANDIDATE,CANDIDATE,1.9,1
3871,FALSE POSITIVE,FALSE POSITIVE,1.9,0
3897,FALSE POSITIVE,FALSE POSITIVE,1.9,0
3901,FALSE POSITIVE,FALSE POSITIVE,1.9,0
3966,FALSE POSITIVE,FALSE POSITIVE,1.9,0
4010,CANDIDATE,CANDIDATE,1.9,1
4076,CANDIDATE,CANDIDATE,1.9,1
4102,CANDIDATE,CANDIDATE,1.9,1
4108,CANDIDATE,CANDIDATE,1.9,1
4218,FALSE POSITIVE,FALSE POSITIVE,1.9,0
4243,FALSE POSITIVE,FALSE POSITIVE,1.9,0
4255,FALSE POSITIVE,FALSE POSITIVE,1.9,0
4299,CANDIDATE,CANDIDATE,1.9,1
4322,FALSE POSITIVE,FALSE POSITIVE,1.9,0
4369,FALSE POSITIVE,FALSE POSITIVE,1.9,0
4408,FALSE POSITIVE,FALSE POSITIVE,1.9,0
4415,CANDIDATE,CANDIDATE,1.9,1
4510,FALSE POSITIVE,FALSE POSITIVE,1.9,0
4717,FALSE POSITIVE,FALSE POSITIVE,1.9,0
4742,CANDIDATE,CANDIDATE,1.9,1
4875,CANDIDATE,CANDIDATE,1.9,1
4932,CANDIDATE,CANDIDATE,1.9,1
5202,CANDIDATE,CANDIDATE,1.9,1
5364,FALSE POSITIVE,FALSE POSITIVE,1.9,0
5697,FALSE POSITIVE,FALSE POSITIVE,1.9,0
5750,FALSE POSITIVE,FALSE POSITIVE,1.9,0
5949,NOT DISPOSITIONED,NOT DISPOSITIONED,1.9,0
6101,NOT DISPOSITIONED,NOT DISPOSITIONED,1.9,0
6130,FALSE POSITIVE,FALSE POSITIVE,1.9,0
6290,CANDIDATE,CANDIDATE,1.9,1
6583,CANDIDATE,CANDIDATE,1.9,1
6800,NOT DISPOSITIONED,NOT DISPOSITIONED,1.9,0
7000,NOT DISPOSITIONED,NOT DISPOSITIONED,1.9,0
7038,NOT DISPOSITIONED,NOT DISPOSITIONED,1.9,0
7172,NOT DISPOSITIONED,NOT DISPOSITIONED,1.9,0
6698,NOT DISPOSITIONED,NOT DISPOSITIONED,1.902,0
6007,NOT DISPOSITIONED,NOT DISPOSITIONED,1.903,0
6702,FALSE POSITIVE,FALSE POSITIVE,1.904,0
4803,CANDIDATE,CANDIDATE,1.909,1
130,FALSE POSITIVE,FALSE POSITIVE,1.91,0
328,CANDIDATE,CONFIRMED,1.91,1
457,CANDIDATE,CANDIDATE,1.91,1
587,CANDIDATE,CANDIDATE,1.91,1
1876,CANDIDATE,CANDIDATE,1.91,1
2109,CANDIDATE,CANDIDATE,1.91,1
3053,CANDIDATE,CONFIRMED,1.91,1
3788,CANDIDATE,CONFIRMED,1.91,1
3970,CANDIDATE,CANDIDATE,1.91,1
4029,CANDIDATE,CANDIDATE,1.91,1
4464,CANDIDATE,CANDIDATE,1.91,1
5844,CANDIDATE,CANDIDATE,1.91,1
6122,FALSE POSITIVE,FALSE POSITIVE,1.91,0
6282,NOT DISPOSITIONED,NOT DISPOSITIONED,1.91,0
6596,NOT DISPOSITIONED,NOT DISPOSITIONED,1.91,0
6701,FALSE POSITIVE,FALSE POSITIVE,1.91,0
6764,NOT DISPOSITIONED,NOT DISPOSITIONED,1.91,0
7012,NOT DISPOSITIONED,NOT DISPOSITIONED,1.91,0
7100,NOT DISPOSITIONED,NOT DISPOSITIONED,1.91,0
4869,FALSE POSITIVE,FALSE POSITIVE,1.9101,0
2630,CANDIDATE,CONFIRMED,1.92,1
2770,CANDIDATE,CONFIRMED,1.92,1
2775,CANDIDATE,CANDIDATE,1.92,1
3222,CANDIDATE,CANDIDATE,1.92,1
3573,CANDIDATE,CANDIDATE,1.92,1
4165,FALSE POSITIVE,FALSE POSITIVE,1.92,0
5798,NOT DISPOSITIONED,NOT DISPOSITIONED,1.92,0
6085,NOT DISPOSITIONED,NOT DISPOSITIONED,1.92,0
6511,CANDIDATE,CANDIDATE,1.92,1
7028,NOT DISPOSITIONED,NOT DISPOSITIONED,1.92,0
5424,CANDIDATE,CANDIDATE,1.924,1
4211,CANDIDATE,CANDIDATE,1.926,1
4493,FALSE POSITIVE,FALSE POSITIVE,1.926,0
5358,CANDIDATE,CANDIDATE,1.926,1
6252,FALSE POSITIVE,FALSE POSITIVE,1.928,0
330,CANDIDATE,CONFIRMED,1.93,1
368,CANDIDATE,CONFIRMED,1.93,1
1236,CANDIDATE,CANDIDATE,1.93,1
1775,CANDIDATE,CANDIDATE,1.93,1
1898,CANDIDATE,CANDIDATE,1.93,1
4258,CANDIDATE,CANDIDATE,1.93,1
4459,CANDIDATE,CANDIDATE,1.93,1
4720,CANDIDATE,CANDIDATE,1.93,1
5025,CANDIDATE,CANDIDATE,1.93,1
5833,NOT DISPOSITIONED,NOT DISPOSITIONED,1.93,0
6171,FALSE POSITIVE,FALSE POSITIVE,1.93,0
6202,NOT DISPOSITIONED,NOT DISPOSITIONED,1.93,0
6305,FALSE POSITIVE,FALSE POSITIVE,1.93,0
6476,FALSE POSITIVE,FALSE POSITIVE,1.93,0
6891,NOT DISPOSITIONED,NOT DISPOSITIONED,1.93,0
7152,NOT DISPOSITIONED,NOT DISPOSITIONED,1.93,0
7224,NOT DISPOSITIONED,NOT DISPOSITIONED,1.93,0
4860,CANDIDATE,CONFIRMED,1.934,1
118,CANDIDATE,CANDIDATE,1.94,1
173,CANDIDATE,CANDIDATE,1.94,1
506,FALSE POSITIVE,FALSE POSITIVE,1.94,0
1098,CANDIDATE,CANDIDATE,1.94,1
1687,CANDIDATE,CANDIDATE,1.94,1
2084,CANDIDATE,CANDIDATE,1.94,1
2260,CANDIDATE,CANDIDATE,1.94,1
2472,CANDIDATE,CONFIRMED,1.94,1
2525,CANDIDATE,CANDIDATE,1.94,1
2574,CANDIDATE,CANDIDATE,1.94,1
2701,CANDIDATE,CANDIDATE,1.94,1
2746,CANDIDATE,CANDIDATE,1.94,1
2842,CANDIDATE,CONFIRMED,1.94,1
3057,CANDIDATE,CONFIRMED,1.94,1
3246,CANDIDATE,CONFIRMED,1.94,1
3371,CANDIDATE,CANDIDATE,1.94,1
4831,CANDIDATE,CANDIDATE,1.94,1
4858,CANDIDATE,CANDIDATE,1.94,1
6453,NOT DISPOSITIONED,NOT DISPOSITIONED,1.94,0
6165,FALSE POSITIVE,FALSE POSITIVE,1.941,0
4948,CANDIDATE,CANDIDATE,1.944,1
4799,FALSE POSITIVE,FALSE POSITIVE,1.945,0
4364,FALSE POSITIVE,FALSE POSITIVE,1.947,0
607,CANDIDATE,CANDIDATE,1.95,1
741,CANDIDATE,CONFIRMED,1.95,1
1446,CANDIDATE,CANDIDATE,1.95,1
1803,CANDIDATE,CANDIDATE,1.95,1
2617,CANDIDATE,CONFIRMED,1.95,1
3079,FALSE POSITIVE,FALSE POSITIVE,1.95,0
3434,FALSE POSITIVE,FALSE POSITIVE,1.95,0
3920,CANDIDATE,CANDIDATE,1.95,1
4091,FALSE POSITIVE,FALSE POSITIVE,1.95,0
5675,FALSE POSITIVE,FALSE POSITIVE,1.95,0
5806,CANDIDATE,CANDIDATE,1.95,1
6006,CANDIDATE,CANDIDATE,1.95,1
6079,FALSE POSITIVE,FALSE POSITIVE,1.95,0
6152,NOT DISPOSITIONED,NOT DISPOSITIONED,1.95,0
6567,FALSE POSITIVE,FALSE POSITIVE,1.95,0
6926,FALSE POSITIVE,FALSE POSITIVE,1.95,0
6976,NOT DISPOSITIONED,NOT DISPOSITIONED,1.95,0
6067,NOT DISPOSITIONED,NOT DISPOSITIONED,1.955,0
6616,NOT DISPOSITIONED,NOT DISPOSITIONED,1.957,0
21,CANDIDATE,CANDIDATE,1.96,1
357,CANDIDATE,CONFIRMED,1.96,1
453,CANDIDATE,CONFIRMED,1.96,1
783,CANDIDATE,CANDIDATE,1.96,1
836,CANDIDATE,CONFIRMED,1.96,1
1180,CANDIDATE,CANDIDATE,1.96,1
2500,CANDIDATE,CANDIDATE,1.96,1
2639,CANDIDATE,CANDIDATE,1.96,1
3176,CANDIDATE,CANDIDATE,1.96,1
3277,CANDIDATE,CANDIDATE,1.96,1
3586,CANDIDATE,CONFIRMED,1.96,1
3646,CANDIDATE,CANDIDATE,1.96,1
3768,CANDIDATE,CANDIDATE,1.96,1
3804,CANDIDATE,CONFIRMED,1.96,1
5731,FALSE POSITIVE,FALSE POSITIVE,1.96,0
6531,FALSE POSITIVE,FALSE POSITIVE,1.96,0
7062,NOT DISPOSITIONED,NOT DISPOSITIONED,1.961,0
6989,NOT DISPOSITIONED,NOT DISPOSITIONED,1.966,0
369,CANDIDATE,CONFIRMED,1.97,1
610,FALSE POSITIVE,FALSE POSITIVE,1.97,0
835,CANDIDATE,CONFIRMED,1.97,1
1676,CANDIDATE,CONFIRMED,1.97,1
2308,CANDIDATE,CANDIDATE,1.97,1
2369,CANDIDATE,CONFIRMED,1.97,1
2666,CANDIDATE,CANDIDATE,1.97,1
3319,CANDIDATE,CANDIDATE,1.97,1
3454,CANDIDATE,CANDIDATE,1.97,1
3559,CANDIDATE,CONFIRMED,1.97,1
4132,FALSE POSITIVE,FALSE POSITIVE,1.97,0
4937,CANDIDATE,CANDIDATE,1.97,1
5898,NOT DISPOSITIONED,NOT DISPOSITIONED,1.97,0
6026,CANDIDATE,CANDIDATE,1.97,1
7149,NOT DISPOSITIONED,NOT DISPOSITIONED,1.97,0
4435,CANDIDATE,CANDIDATE,1.973,1
5217,FALSE POSITIVE,FALSE POSITIVE,1.975,0
77,CANDIDATE,CANDIDATE,1.976,1
6639,CANDIDATE,CANDIDATE,1.979,1
263,CANDIDATE,CANDIDATE,1.98,1
697,CANDIDATE,CANDIDATE,1.98,1
1042,CANDIDATE,CANDIDATE,1.98,1
1935,CANDIDATE,CANDIDATE,1.98,1
2145,FALSE POSITIVE,FALSE POSITIVE,1.98,0
2367,CANDIDATE,CANDIDATE,1.98,1
2699,CANDIDATE,CANDIDATE,1.98,1
2993,CANDIDATE,CONFIRMED,1.98,1
3151,CANDIDATE,CONFIRMED,1.98,1
3845,CANDIDATE,CONFIRMED,1.98,1
4259,FALSE POSITIVE,FALSE POSITIVE,1.98,0
4497,CANDIDATE,CANDIDATE,1.98,1
4903,CANDIDATE,CONFIRMED,1.98,1
5302,FALSE POSITIVE,FALSE POSITIVE,1.98,0
5706,FALSE POSITIVE,FALSE POSITIVE,1.98,0
5885,FALSE POSITIVE,FALSE POSITIVE,1.98,0
6348,CANDIDATE,CANDIDATE,1.98,1
6466,CANDIDATE,CANDIDATE,1.98,1
6678,NOT DISPOSITIONED,NOT DISPOSITIONED,1.98,0
4447,FALSE POSITIVE,FALSE POSITIVE,1.981,0
5417,FALSE POSITIVE,FALSE POSITIVE,1.981,0
7133,FALSE POSITIVE,FALSE POSITIVE,1.983,0
4331,FALSE POSITIVE,FALSE POSITIVE,1.986,0
515,CANDIDATE,CONFIRMED,1.99,1
636,CANDIDATE,CONFIRMED,1.99,1
681,CANDIDATE,CONFIRMED,1.99,1
1306,CANDIDATE,CONFIRMED,1.99,1
1759,CANDIDATE,CANDIDATE,1.99,1
2154,CANDIDATE,CONFIRMED,1.99,1
2231,CANDIDATE,CANDIDATE,1.99,1
2637,CANDIDATE,CANDIDATE,1.99,1
2974,FALSE POSITIVE,FALSE POSITIVE,1.99,0
4710,CANDIDATE,CANDIDATE,1.99,1
6077,NOT DISPOSITIONED,NOT DISPOSITIONED,1.99,0
6346,NOT DISPOSITIONED,NOT DISPOSITIONED,1.99,0
6706,NOT DISPOSITIONED,NOT DISPOSITIONED,1.99,0
445,CANDIDATE,CONFIRMED,2,1
501,CANDIDATE,CONFIRMED,2,1
708,FALSE POSITIVE,FALSE POSITIVE,2,0
918,CANDIDATE,CONFIRMED,2,1
944,CANDIDATE,CANDIDATE,2,1
977,CANDIDATE,CONFIRMED,2,1
1019,FALSE POSITIVE,FALSE POSITIVE,2,0
1233,CANDIDATE,CANDIDATE,2,1
1248,CANDIDATE,CONFIRMED,2,1
1323,CANDIDATE,CONFIRMED,2,1
1428,FALSE POSITIVE,FALSE POSITIVE,2,0
1645,FALSE POSITIVE,FALSE POSITIVE,2,0
1705,CANDIDATE,CONFIRMED,2,1
1802,CANDIDATE,CANDIDATE,2,1
1805,CANDIDATE,CANDIDATE,2,1
1850,FALSE POSITIVE,FALSE POSITIVE,2,0
1895,CANDIDATE,CANDIDATE,2,1
1966,CANDIDATE,CANDIDATE,2,1
2100,CANDIDATE,CANDIDATE,2,1
2119,CANDIDATE,CANDIDATE,2,1
2222,CANDIDATE,CANDIDATE,2,1
2239,CANDIDATE,CANDIDATE,2,1
2569,FALSE POSITIVE,FALSE POSITIVE,2,0
2625,CANDIDATE,CANDIDATE,2,1
2645,CANDIDATE,CANDIDATE,2,1
2794,CANDIDATE,CANDIDATE,2,1
2885,CANDIDATE,CANDIDATE,2,1
2904,CANDIDATE,CONFIRMED,2,1
3023,FALSE POSITIVE,FALSE POSITIVE,2,0
3100,CANDIDATE,CANDIDATE,2,1
3127,FALSE POSITIVE,FALSE POSITIVE,2,0
3469,FALSE POSITIVE,FALSE POSITIVE,2,0
3521,CANDIDATE,CONFIRMED,2,1
3654,CANDIDATE,CANDIDATE,2,1
3664,CANDIDATE,CANDIDATE,2,1
3913,FALSE POSITIVE,FALSE POSITIVE,2,0
3915,FALSE POSITIVE,FALSE POSITIVE,2,0
3944,CANDIDATE,CANDIDATE,2,1
3987,FALSE POSITIVE,FALSE POSITIVE,2,0
3999,FALSE POSITIVE,FALSE POSITIVE,2,0
4005,CANDIDATE,CANDIDATE,2,1
4033,FALSE POSITIVE,FALSE POSITIVE,2,0
4263,FALSE POSITIVE,FALSE POSITIVE,2,0
4312,CANDIDATE,CANDIDATE,2,1
4752,FALSE POSITIVE,FALSE POSITIVE,2,0
4785,FALSE POSITIVE,FALSE POSITIVE,2,0
4808,CANDIDATE,CANDIDATE,2,1
5000,FALSE POSITIVE,FALSE POSITIVE,2,0
5036,CANDIDATE,CANDIDATE,2,1
5506,FALSE POSITIVE,FALSE POSITIVE,2,0
5640,FALSE POSITIVE,FALSE POSITIVE,2,0
5655,FALSE POSITIVE,FALSE POSITIVE,2,0
5670,CANDIDATE,CANDIDATE,2,1
5671,FALSE POSITIVE,FALSE POSITIVE,2,0
5714,FALSE POSITIVE,FALSE POSITIVE,2,0
5761,FALSE POSITIVE,FALSE POSITIVE,2,0
6710,NOT DISPOSITIONED,NOT DISPOSITIONED,2,0
1495,CANDIDATE,CONFIRMED,2.01,1
1794,CANDIDATE,CONFIRMED,2.01,1
2626,CANDIDATE,CANDIDATE,2.01,1
5917,NOT DISPOSITIONED,NOT DISPOSITIONED,2.01,0
6049,CANDIDATE,CANDIDATE,2.01,1
6154,NOT DISPOSITIONED,NOT DISPOSITIONED,2.01,0
6406,FALSE POSITIVE,FALSE POSITIVE,2.01,0
6740,FALSE POSITIVE,FALSE POSITIVE,2.01,0
6957,NOT DISPOSITIONED,NOT DISPOSITIONED,2.01,0
7198,NOT DISPOSITIONED,NOT DISPOSITIONED,2.01,0
4900,CANDIDATE,CANDIDATE,2.014,1
171,CANDIDATE,CANDIDATE,2.017,1
438,CANDIDATE,CANDIDATE,2.018,1
5906,FALSE POSITIVE,FALSE POSITIVE,2.018,0
6161,NOT DISPOSITIONED,NOT DISPOSITIONED,2.019,0
7168,NOT DISPOSITIONED,NOT DISPOSITIONED,2.019,0
12,CANDIDATE,CANDIDATE,2.02,1
113,CANDIDATE,CONFIRMED,2.02,1
628,CANDIDATE,CONFIRMED,2.02,1
781,CANDIDATE,CANDIDATE,2.02,1
861,CANDIDATE,CANDIDATE,2.02,1
878,CANDIDATE,CANDIDATE,2.02,1
1722,CANDIDATE,CANDIDATE,2.02,1
1811,CANDIDATE,CANDIDATE,2.02,1
2026,CANDIDATE,CANDIDATE,2.02,1
2394,CANDIDATE,CANDIDATE,2.02,1
2801,CANDIDATE,CANDIDATE,2.02,1
3302,CANDIDATE,CONFIRMED,2.02,1
3399,CANDIDATE,CANDIDATE,2.02,1
3568,FALSE POSITIVE,FALSE POSITIVE,2.02,0
3692,CANDIDATE,CONFIRMED,2.02,1
6224,CANDIDATE,CANDIDATE,2.02,1
6233,CANDIDATE,CANDIDATE,2.02,1
6279,CANDIDATE,CANDIDATE,2.02,1
6772,CANDIDATE,CANDIDATE,2.02,1
5284,FALSE POSITIVE,FALSE POSITIVE,2.024,0
5154,FALSE POSITIVE,FALSE POSITIVE,2.025,0
5944,NOT DISPOSITIONED,NOT DISPOSITIONED,2.027,0
362,CANDIDATE,CANDIDATE,2.03,1
1091,CANDIDATE,CANDIDATE,2.03,1
1588,CANDIDATE,CANDIDATE,2.03,1
1878,CANDIDATE,CONFIRMED,2.03,1
4042,CANDIDATE,CANDIDATE,2.03,1
5886,CANDIDATE,CANDIDATE,2.03,1
6240,NOT DISPOSITIONED,NOT DISPOSITIONED,2.03,0
7264,NOT DISPOSITIONED,NOT DISPOSITIONED,2.03,0
6849,FALSE POSITIVE,FALSE POSITIVE,2.0369,0
649,CANDIDATE,CANDIDATE,2.04,1
1502,CANDIDATE,CONFIRMED,2.04,1
1665,CANDIDATE,CANDIDATE,2.04,1
1772,CANDIDATE,CANDIDATE,2.04,1
1832,CANDIDATE,CANDIDATE,2.04,1
2371,CANDIDATE,CONFIRMED,2.04,1
2592,CANDIDATE,CANDIDATE,2.04,1
2604,CANDIDATE,CANDIDATE,2.04,1
2704,CANDIDATE,CANDIDATE,2.04,1
2818,CANDIDATE,CANDIDATE,2.04,1
3597,CANDIDATE,CONFIRMED,2.04,1
3775,CANDIDATE,CONFIRMED,2.04,1
4056,CANDIDATE,CANDIDATE,2.04,1
5313,CANDIDATE,CANDIDATE,2.04,1
5633,FALSE POSITIVE,FALSE POSITIVE,2.04,0
6824,NOT DISPOSITIONED,NOT DISPOSITIONED,2.04,0
4347,CANDIDATE,CANDIDATE,2.044,1
769,CANDIDATE,CANDIDATE,2.05,1
866,CANDIDATE,CANDIDATE,2.05,1
3139,CANDIDATE,CONFIRMED,2.05,1
3836,CANDIDATE,CONFIRMED,2.05,1
4397,FALSE POSITIVE,FALSE POSITIVE,2.05,0
4865,CANDIDATE,CANDIDATE,2.05,1
4941,CANDIDATE,CANDIDATE,2.05,1
6258,FALSE POSITIVE,FALSE POSITIVE,2.05,0
7093,NOT DISPOSITIONED,NOT DISPOSITIONED,2.05,0
562,CANDIDATE,CONFIRMED,2.06,1
831,CANDIDATE,CANDIDATE,2.06,1
1643,FALSE POSITIVE,FALSE POSITIVE,2.06,0
1792,CANDIDATE,CONFIRMED,2.06,1
1795,CANDIDATE,CONFIRMED,2.06,1
3058,CANDIDATE,CONFIRMED,2.06,1
3223,CANDIDATE,CANDIDATE,2.06,1
3404,CANDIDATE,CANDIDATE,2.06,1
5530,CANDIDATE,CANDIDATE,2.06,1
6105,FALSE POSITIVE,FALSE POSITIVE,2.06,0
6361,FALSE POSITIVE,FALSE POSITIVE,2.06,0
6939,NOT DISPOSITIONED,NOT DISPOSITIONED,2.06,0
7076,NOT DISPOSITIONED,NOT DISPOSITIONED,2.06,0
7177,NOT DISPOSITIONED,NOT DISPOSITIONED,2.06,0
6693,FALSE POSITIVE,FALSE POSITIVE,2.064,0
270,CANDIDATE,CANDIDATE,2.07,1
664,CANDIDATE,CONFIRMED,2.07,1
734,CANDIDATE,CANDIDATE,2.07,1
1405,CANDIDATE,CONFIRMED,2.07,1
1814,CANDIDATE,CANDIDATE,2.07,1
1913,CANDIDATE,CONFIRMED,2.07,1
2478,CANDIDATE,CONFIRMED,2.07,1
2741,CANDIDATE,CANDIDATE,2.07,1
2754,CANDIDATE,CANDIDATE,2.07,1
4451,CANDIDATE,CANDIDATE,2.07,1
5065,CANDIDATE,CANDIDATE,2.07,1
5191,FALSE POSITIVE,FALSE POSITIVE,2.07,0
5925,FALSE POSITIVE,FALSE POSITIVE,2.07,0
6110,FALSE POSITIVE,FALSE POSITIVE,2.07,0
6115,FALSE POSITIVE,FALSE POSITIVE,2.07,0
6335,CANDIDATE,CANDIDATE,2.07,1
6416,NOT DISPOSITIONED,NOT DISPOSITIONED,2.07,0
6482,NOT DISPOSITIONED,NOT DISPOSITIONED,2.07,0
6820,NOT DISPOSITIONED,NOT DISPOSITIONED,2.07,0
7150,NOT DISPOSITIONED,NOT DISPOSITIONED,2.07,0
7248,NOT DISPOSITIONED,NOT DISPOSITIONED,2.07,0
5360,FALSE POSITIVE,FALSE POSITIVE,2.071,0
5420,CANDIDATE,CANDIDATE,2.072,1
6027,FALSE POSITIVE,FALSE POSITIVE,2.075,0
6372,NOT DISPOSITIONED,NOT DISPOSITIONED,2.076,0
5408,FALSE POSITIVE,FALSE POSITIVE,2.078,0
1034,CANDIDATE,CANDIDATE,2.08,1
1796,CANDIDATE,CONFIRMED,2.08,1
2348,CANDIDATE,CONFIRMED,2.08,1
2852,CANDIDATE,CONFIRMED,2.08,1
2857,CANDIDATE,CANDIDATE,2.08,1
4093,CANDIDATE,CANDIDATE,2.08,1
4238,FALSE POSITIVE,FALSE POSITIVE,2.08,0
5821,CANDIDATE,CANDIDATE,2.08,1
6239,NOT DISPOSITIONED,NOT DISPOSITIONED,2.08,0
6318,FALSE POSITIVE,FALSE POSITIVE,2.08,0
6462,CANDIDATE,CANDIDATE,2.08,1
6485,CANDIDATE,CANDIDATE,2.08,1
6013,FALSE POSITIVE,FALSE POSITIVE,2.081,0
4440,CANDIDATE,CANDIDATE,2.082,1
5251,CANDIDATE,CANDIDATE,2.083,1
83,FALSE POSITIVE,FALSE POSITIVE,2.09,0
180,CANDIDATE,CONFIRMED,2.09,1
1021,CANDIDATE,CONFIRMED,2.09,1
2078,CANDIDATE,CONFIRMED,2.09,1
2412,CANDIDATE,CANDIDATE,2.09,1
3657,CANDIDATE,CANDIDATE,2.09,1
3940,CANDIDATE,CANDIDATE,2.09,1
3967,CANDIDATE,CANDIDATE,2.09,1
5800,CANDIDATE,CANDIDATE,2.09,1
6117,NOT DISPOSITIONED,NOT DISPOSITIONED,2.09,0
4094,CANDIDATE,CANDIDATE,2.091,1
72,FALSE POSITIVE,FALSE POSITIVE,2.1,0
284,CANDIDATE,CONFIRMED,2.1,1
363,CANDIDATE,CANDIDATE,2.1,1
394,FALSE POSITIVE,FALSE POSITIVE,2.1,0
444,CANDIDATE,CONFIRMED,2.1,1
490,CANDIDATE,CONFIRMED,2.1,1
546,CANDIDATE,CANDIDATE,2.1,1
593,FALSE POSITIVE,CONFIRMED,2.1,0
969,CANDIDATE,CANDIDATE,2.1,1
998,FALSE POSITIVE,FALSE POSITIVE,2.1,0
1063,FALSE POSITIVE,FALSE POSITIVE,2.1,0
1090,CANDIDATE,CANDIDATE,2.1,1
1123,CANDIDATE,CANDIDATE,2.1,1
1160,FALSE POSITIVE,FALSE POSITIVE,2.1,0
1251,CANDIDATE,CANDIDATE,2.1,1
1344,CANDIDATE,CANDIDATE,2.1,1
1388,CANDIDATE,CANDIDATE,2.1,1
1525,FALSE POSITIVE,FALSE POSITIVE,2.1,0
1678,CANDIDATE,CANDIDATE,2.1,1
1725,CANDIDATE,CANDIDATE,2.1,1
1745,FALSE POSITIVE,FALSE POSITIVE,2.1,0
1841,FALSE POSITIVE,FALSE POSITIVE,2.1,0
1873,CANDIDATE,CANDIDATE,2.1,1
1970,CANDIDATE,CANDIDATE,2.1,1
2199,CANDIDATE,CANDIDATE,2.1,1
2382,CANDIDATE,CANDIDATE,2.1,1
2480,FALSE POSITIVE,FALSE POSITIVE,2.1,0
2528,CANDIDATE,CANDIDATE,2.1,1
2577,CANDIDATE,CONFIRMED,2.1,1
2600,CANDIDATE,CANDIDATE,2.1,1
2733,CANDIDATE,CONFIRMED,2.1,1
2789,CANDIDATE,CANDIDATE,2.1,1
2886,CANDIDATE,CANDIDATE,2.1,1
2924,CANDIDATE,CANDIDATE,2.1,1
2976,CANDIDATE,CONFIRMED,2.1,1
3102,CANDIDATE,CANDIDATE,2.1,1
3140,CANDIDATE,CONFIRMED,2.1,1
3141,CANDIDATE,CONFIRMED,2.1,1
3147,CANDIDATE,CANDIDATE,2.1,1
3271,CANDIDATE,CANDIDATE,2.1,1
3364,CANDIDATE,CANDIDATE,2.1,1
3388,CANDIDATE,CONFIRMED,2.1,1
3407,CANDIDATE,CANDIDATE,2.1,1
3441,CANDIDATE,CANDIDATE,2.1,1
3475,CANDIDATE,CONFIRMED,2.1,1
3477,FALSE POSITIVE,FALSE POSITIVE,2.1,0
3644,FALSE POSITIVE,FALSE POSITIVE,2.1,0
3774,CANDIDATE,CONFIRMED,2.1,1
3852,CANDIDATE,CANDIDATE,2.1,1
3930,FALSE POSITIVE,FALSE POSITIVE,2.1,0
3982,FALSE POSITIVE,FALSE POSITIVE,2.1,0
4121,FALSE POSITIVE,FALSE POSITIVE,2.1,0
4209,FALSE POSITIVE,FALSE POSITIVE,2.1,0
4401,FALSE POSITIVE,FALSE POSITIVE,2.1,0
5496,FALSE POSITIVE,FALSE POSITIVE,2.1,0
5571,FALSE POSITIVE,FALSE POSITIVE,2.1,0
5648,FALSE POSITIVE,FALSE POSITIVE,2.1,0
5666,FALSE POSITIVE,FALSE POSITIVE,2.1,0
5695,FALSE POSITIVE,FALSE POSITIVE,2.1,0
5758,CANDIDATE,CANDIDATE,2.1,1
6054,FALSE POSITIVE,FALSE POSITIVE,2.1,0
6519,FALSE POSITIVE,FALSE POSITIVE,2.1,0
6622,NOT DISPOSITIONED,NOT DISPOSITIONED,2.1,0
7119,NOT DISPOSITIONED,NOT DISPOSITIONED,2.1,0
4633,CANDIDATE,CANDIDATE,2.106,1
6663,NOT DISPOSITIONED,NOT DISPOSITIONED,2.108,0
467,FALSE POSITIVE,FALSE POSITIVE,2.11,0
1488,CANDIDATE,CANDIDATE,2.11,1
2226,CANDIDATE,CANDIDATE,2.11,1
2235,CANDIDATE,CANDIDATE,2.11,1
3198,CANDIDATE,CANDIDATE,2.11,1
897,CANDIDATE,CONFIRMED,2.12,1
1815,CANDIDATE,CANDIDATE,2.12,1
2376,CANDIDATE,CANDIDATE,2.12,1
2477,CANDIDATE,CANDIDATE,2.12,1
2520,CANDIDATE,CANDIDATE,2.12,1
3046,FALSE POSITIVE,FALSE POSITIVE,2.12,0
4203,FALSE POSITIVE,FALSE POSITIVE,2.12,0
6359,NOT DISPOSITIONED,NOT DISPOSITIONED,2.12,0
6810,NOT DISPOSITIONED,NOT DISPOSITIONED,2.12,0
5219,FALSE POSITIVE,FALSE POSITIVE,2.123,0
6156,CANDIDATE,CANDIDATE,2.123,1
7165,NOT DISPOSITIONED,NOT DISPOSITIONED,2.125,0
1128,CANDIDATE,CANDIDATE,2.13,1
1629,CANDIDATE,CANDIDATE,2.13,1
2212,CANDIDATE,CANDIDATE,2.13,1
2336,CANDIDATE,CANDIDATE,2.13,1
3188,CANDIDATE,CANDIDATE,2.13,1
6096,CANDIDATE,CANDIDATE,2.13,1
6355,CANDIDATE,CANDIDATE,2.13,1
6438,FALSE POSITIVE,FALSE POSITIVE,2.13,0
6905,CANDIDATE,CANDIDATE,2.13,1
7225,NOT DISPOSITIONED,NOT DISPOSITIONED,2.13,0
4067,CANDIDATE,CANDIDATE,2.137,1
378,FALSE POSITIVE,FALSE POSITIVE,2.14,0
770,CANDIDATE,CANDIDATE,2.14,1
1124,CANDIDATE,CANDIDATE,2.14,1
1186,CANDIDATE,CONFIRMED,2.14,1
1327,CANDIDATE,CANDIDATE,2.14,1
1594,CANDIDATE,CANDIDATE,2.14,1
1708,CANDIDATE,CONFIRMED,2.14,1
1866,CANDIDATE,CANDIDATE,2.14,1
2590,CANDIDATE,CONFIRMED,2.14,1
2939,CANDIDATE,CONFIRMED,2.14,1
3061,CANDIDATE,CANDIDATE,2.14,1
3417,CANDIDATE,CANDIDATE,2.14,1
3689,CANDIDATE,CANDIDATE,2.14,1
3825,CANDIDATE,CONFIRMED,2.14,1
4861,FALSE POSITIVE,FALSE POSITIVE,2.14,0
5188,FALSE POSITIVE,FALSE POSITIVE,2.14,0
5884,FALSE POSITIVE,FALSE POSITIVE,2.14,0
5984,FALSE POSITIVE,FALSE POSITIVE,2.14,0
6268,NOT DISPOSITIONED,NOT DISPOSITIONED,2.14,0
6365,NOT DISPOSITIONED,NOT DISPOSITIONED,2.14,0
6378,FALSE POSITIVE,FALSE POSITIVE,2.14,0
6459,CANDIDATE,CANDIDATE,2.14,1
6052,FALSE POSITIVE,FALSE POSITIVE,2.149,0
808,CANDIDATE,CONFIRMED,2.15,1
1101,CANDIDATE,CANDIDATE,2.15,1
1293,CANDIDATE,CANDIDATE,2.15,1
1305,CANDIDATE,CONFIRMED,2.15,1
2516,CANDIDATE,CANDIDATE,2.15,1
3064,CANDIDATE,CANDIDATE,2.15,1
4206,CANDIDATE,CANDIDATE,2.15,1
6398,FALSE POSITIVE,FALSE POSITIVE,2.15,0
6826,NOT DISPOSITIONED,NOT DISPOSITIONED,2.15,0
5393,FALSE POSITIVE,FALSE POSITIVE,2.151,0
6093,NOT DISPOSITIONED,NOT DISPOSITIONED,2.154,0
6246,NOT DISPOSITIONED,NOT DISPOSITIONED,2.156,0
4765,FALSE POSITIVE,FALSE POSITIVE,2.1578,0
1142,CANDIDATE,CANDIDATE,2.16,1
1661,CANDIDATE,CANDIDATE,2.16,1
1746,CANDIDATE,CONFIRMED,2.16,1
2269,CANDIDATE,CANDIDATE,2.16,1
2811,CANDIDATE,CONFIRMED,2.16,1
3776,CANDIDATE,CONFIRMED,2.16,1
3805,CANDIDATE,CANDIDATE,2.16,1
5080,CANDIDATE,CANDIDATE,2.16,1
5121,FALSE POSITIVE,FALSE POSITIVE,2.16,0
5754,FALSE POSITIVE,FALSE POSITIVE,2.16,0
5927,NOT DISPOSITIONED,NOT DISPOSITIONED,2.16,0
6131,FALSE POSITIVE,FALSE POSITIVE,2.16,0
6579,NOT DISPOSITIONED,NOT DISPOSITIONED,2.16,0
71,FALSE POSITIVE,FALSE POSITIVE,2.165,0
112,CANDIDATE,CONFIRMED,2.17,1
443,CANDIDATE,CONFIRMED,2.17,1
524,CANDIDATE,CONFIRMED,2.17,1
1029,FALSE POSITIVE,FALSE POSITIVE,2.17,0
1506,CANDIDATE,CONFIRMED,2.17,1
1619,CANDIDATE,CANDIDATE,2.17,1
2816,CANDIDATE,CANDIDATE,2.17,1
3116,CANDIDATE,CANDIDATE,2.17,1
3162,FALSE POSITIVE,FALSE POSITIVE,2.17,0
3942,CANDIDATE,CANDIDATE,2.17,1
5017,FALSE POSITIVE,FALSE POSITIVE,2.17,0
5588,FALSE POSITIVE,FALSE POSITIVE,2.17,0
6016,FALSE POSITIVE,FALSE POSITIVE,2.17,0
6986,NOT DISPOSITIONED,NOT DISPOSITIONED,2.171,0
5469,CANDIDATE,CANDIDATE,2.172,1
5890,FALSE POSITIVE,FALSE POSITIVE,2.172,0
5881,CANDIDATE,CANDIDATE,2.174,1
221,CANDIDATE,CONFIRMED,2.18,1
549,CANDIDATE,CANDIDATE,2.18,1
1050,CANDIDATE,CANDIDATE,2.18,1
1846,CANDIDATE,CANDIDATE,2.18,1
1856,CANDIDATE,CANDIDATE,2.18,1
3447,CANDIDATE,CANDIDATE,2.18,1
5397,CANDIDATE,CANDIDATE,2.18,1
6265,CANDIDATE,CANDIDATE,2.18,1
7055,NOT DISPOSITIONED,NOT DISPOSITIONED,2.18,0
3939,CANDIDATE,CANDIDATE,2.185,1
5173,FALSE POSITIVE,FALSE POSITIVE,2.1871,0
2177,CANDIDATE,CANDIDATE,2.19,1
2692,CANDIDATE,CANDIDATE,2.19,1
2735,CANDIDATE,CONFIRMED,2.19,1
2847,CANDIDATE,CONFIRMED,2.19,1
2935,CANDIDATE,CANDIDATE,2.19,1
3880,CANDIDATE,CANDIDATE,2.19,1
5788,NOT DISPOSITIONED,NOT DISPOSITIONED,2.19,0
5789,NOT DISPOSITIONED,NOT DISPOSITIONED,2.19,0
5858,FALSE POSITIVE,FALSE POSITIVE,2.19,0
6235,CANDIDATE,CANDIDATE,2.19,1
6803,CANDIDATE,CANDIDATE,2.19,1
7122,NOT DISPOSITIONED,NOT DISPOSITIONED,2.19,0
6948,NOT DISPOSITIONED,NOT DISPOSITIONED,2.197,0
91,FALSE POSITIVE,FALSE POSITIVE,2.2,0
119,CANDIDATE,CONFIRMED,2.2,1
298,CANDIDATE,CANDIDATE,2.2,1
387,FALSE POSITIVE,FALSE POSITIVE,2.2,0
400,CANDIDATE,CANDIDATE,2.2,1
415,FALSE POSITIVE,FALSE POSITIVE,2.2,0
547,CANDIDATE,CONFIRMED,2.2,1
635,CANDIDATE,CONFIRMED,2.2,1
695,FALSE POSITIVE,FALSE POSITIVE,2.2,0
750,CANDIDATE,CANDIDATE,2.2,1
752,FALSE POSITIVE,FALSE POSITIVE,2.2,0
754,FALSE POSITIVE,FALSE POSITIVE,2.2,0
801,CANDIDATE,CONFIRMED,2.2,1
912,CANDIDATE,CANDIDATE,2.2,1
915,CANDIDATE,CANDIDATE,2.2,1
923,CANDIDATE,CANDIDATE,2.2,1
997,FALSE POSITIVE,FALSE POSITIVE,2.2,0
1039,CANDIDATE,CANDIDATE,2.2,1
1065,CANDIDATE,CANDIDATE,2.2,1
1131,CANDIDATE,CANDIDATE,2.2,1
1144,CANDIDATE,CANDIDATE,2.2,1
1225,FALSE POSITIVE,FALSE POSITIVE,2.2,0
1227,FALSE POSITIVE,FALSE POSITIVE,2.2,0
1462,FALSE POSITIVE,FALSE POSITIVE,2.2,0
1470,FALSE POSITIVE,FALSE POSITIVE,2.2,0
1476,FALSE POSITIVE,FALSE POSITIVE,2.2,0
1553,FALSE POSITIVE,FALSE POSITIVE,2.2,0
1626,CANDIDATE,CONFIRMED,2.2,1
1690,CANDIDATE,CANDIDATE,2.2,1
1721,CANDIDATE,CANDIDATE,2.2,1
1777,CANDIDATE,CANDIDATE,2.2,1
1798,CANDIDATE,CANDIDATE,2.2,1
1812,CANDIDATE,CANDIDATE,2.2,1
1816,CANDIDATE,CANDIDATE,2.2,1
1867,CANDIDATE,CANDIDATE,2.2,1
1951,CANDIDATE,CANDIDATE,2.2,1
2004,CANDIDATE,CANDIDATE,2.2,1
2011,CANDIDATE,CANDIDATE,2.2,1
2037,CANDIDATE,CANDIDATE,2.2,1
2047,CANDIDATE,CANDIDATE,2.2,1
2079,CANDIDATE,CANDIDATE,2.2,1
2155,CANDIDATE,CONFIRMED,2.2,1
2159,CANDIDATE,CANDIDATE,2.2,1
2241,CANDIDATE,CONFIRMED,2.2,1
2245,CANDIDATE,CANDIDATE,2.2,1
2290,CANDIDATE,CANDIDATE,2.2,1
2309,CANDIDATE,CANDIDATE,2.2,1
2312,CANDIDATE,CONFIRMED,2.2,1
2333,FALSE POSITIVE,FALSE POSITIVE,2.2,0
2391,CANDIDATE,CANDIDATE,2.2,1
2392,CANDIDATE,CANDIDATE,2.2,1
2562,CANDIDATE,CANDIDATE,2.2,1
2593,CANDIDATE,CANDIDATE,2.2,1
2605,CANDIDATE,CONFIRMED,2.2,1
2635,CANDIDATE,CANDIDATE,2.2,1
2718,CANDIDATE,CONFIRMED,2.2,1
2771,CANDIDATE,CANDIDATE,2.2,1
2774,CANDIDATE,CANDIDATE,2.2,1
2807,CANDIDATE,CANDIDATE,2.2,1
2839,CANDIDATE,CONFIRMED,2.2,1
2846,CANDIDATE,CANDIDATE,2.2,1
2874,CANDIDATE,CANDIDATE,2.2,1
2925,CANDIDATE,CANDIDATE,2.2,1
2981,CANDIDATE,CANDIDATE,2.2,1
3018,CANDIDATE,CANDIDATE,2.2,1
3019,CANDIDATE,CANDIDATE,2.2,1
3145,CANDIDATE,CONFIRMED,2.2,1
3156,CANDIDATE,CANDIDATE,2.2,1
3175,FALSE POSITIVE,FALSE POSITIVE,2.2,0
3298,FALSE POSITIVE,FALSE POSITIVE,2.2,0
3332,CANDIDATE,CANDIDATE,2.2,1
3422,CANDIDATE,CANDIDATE,2.2,1
3472,CANDIDATE,CONFIRMED,2.2,1
3476,FALSE POSITIVE,FALSE POSITIVE,2.2,0
3528,FALSE POSITIVE,FALSE POSITIVE,2.2,0
3530,CANDIDATE,CANDIDATE,2.2,1
3556,CANDIDATE,CANDIDATE,2.2,1
3566,CANDIDATE,CONFIRMED,2.2,1
3690,CANDIDATE,CANDIDATE,2.2,1
3896,CANDIDATE,CANDIDATE,2.2,1
3926,FALSE POSITIVE,FALSE POSITIVE,2.2,0
3969,FALSE POSITIVE,FALSE POSITIVE,2.2,0
3993,FALSE POSITIVE,FALSE POSITIVE,2.2,0
4004,FALSE POSITIVE,FALSE POSITIVE,2.2,0
4050,FALSE POSITIVE,FALSE POSITIVE,2.2,0
4066,FALSE POSITIVE,FALSE POSITIVE,2.2,0
4097,CANDIDATE,CANDIDATE,2.2,1
4181,FALSE POSITIVE,FALSE POSITIVE,2.2,0
4336,FALSE POSITIVE,FALSE POSITIVE,2.2,0
4343,CANDIDATE,CANDIDATE,2.2,1
4346,FALSE POSITIVE,FALSE POSITIVE,2.2,0
4367,FALSE POSITIVE,FALSE POSITIVE,2.2,0
4377,FALSE POSITIVE,FALSE POSITIVE,2.2,0
4413,FALSE POSITIVE,FALSE POSITIVE,2.2,0
4481,FALSE POSITIVE,FALSE POSITIVE,2.2,0
4773,FALSE POSITIVE,FALSE POSITIVE,2.2,0
4980,FALSE POSITIVE,FALSE POSITIVE,2.2,0
5458,CANDIDATE,CONFIRMED,2.2,1
5504,FALSE POSITIVE,FALSE POSITIVE,2.2,0
5610,FALSE POSITIVE,FALSE POSITIVE,2.2,0
5674,CANDIDATE,CANDIDATE,2.2,1
5840,FALSE POSITIVE,FALSE POSITIVE,2.2,0
5892,FALSE POSITIVE,FALSE POSITIVE,2.2,0
5963,NOT DISPOSITIONED,NOT DISPOSITIONED,2.2,0
6041,NOT DISPOSITIONED,NOT DISPOSITIONED,2.2,0
6062,FALSE POSITIVE,FALSE POSITIVE,2.2,0
6637,CANDIDATE,CANDIDATE,2.2,1
4298,FALSE POSITIVE,FALSE POSITIVE,2.201,0
4836,CANDIDATE,CANDIDATE,2.202,1
6536,CANDIDATE,CANDIDATE,2.205,1
436,CANDIDATE,CANDIDATE,2.208,1
356,CANDIDATE,CONFIRMED,2.21,1
609,CANDIDATE,CONFIRMED,2.21,1
1505,CANDIDATE,CONFIRMED,2.21,1
1707,CANDIDATE,CONFIRMED,2.21,1
2032,CANDIDATE,CANDIDATE,2.21,1
2166,CANDIDATE,CANDIDATE,2.21,1
2208,FALSE POSITIVE,FALSE POSITIVE,2.21,0
2594,CANDIDATE,CANDIDATE,2.21,1
2891,CANDIDATE,CONFIRMED,2.21,1
3055,CANDIDATE,CONFIRMED,2.21,1
3189,CANDIDATE,CANDIDATE,2.21,1
3726,CANDIDATE,CANDIDATE,2.21,1
4864,FALSE POSITIVE,FALSE POSITIVE,2.21,0
5831,CANDIDATE,CANDIDATE,2.21,1
5850,FALSE POSITIVE,FALSE POSITIVE,2.21,0
5966,FALSE POSITIVE,FALSE POSITIVE,2.21,0
6267,FALSE POSITIVE,FALSE POSITIVE,2.21,0
6317,FALSE POSITIVE,FALSE POSITIVE,2.21,0
7123,NOT DISPOSITIONED,NOT DISPOSITIONED,2.21,0
4087,CANDIDATE,CANDIDATE,2.219,1
6419,NOT DISPOSITIONED,NOT DISPOSITIONED,2.219,0
558,CANDIDATE,CANDIDATE,2.22,1
1164,CANDIDATE,CANDIDATE,2.22,1
1288,CANDIDATE,CONFIRMED,2.22,1
1347,CANDIDATE,CANDIDATE,2.22,1
1400,CANDIDATE,CONFIRMED,2.22,1
1892,CANDIDATE,CONFIRMED,2.22,1
2848,FALSE POSITIVE,FALSE POSITIVE,2.22,0
3304,CANDIDATE,CONFIRMED,2.22,1
4491,FALSE POSITIVE,FALSE POSITIVE,2.22,0
4572,CANDIDATE,CONFIRMED,2.22,1
5879,FALSE POSITIVE,FALSE POSITIVE,2.22,0
6320,NOT DISPOSITIONED,NOT DISPOSITIONED,2.22,0
6714,FALSE POSITIVE,FALSE POSITIVE,2.22,0
6769,FALSE POSITIVE,FALSE POSITIVE,2.22,0
6432,NOT DISPOSITIONED,NOT DISPOSITIONED,2.2211,0
42,FALSE POSITIVE,FALSE POSITIVE,2.228,0
840,CANDIDATE,CANDIDATE,2.23,1
870,CANDIDATE,CONFIRMED,2.23,1
980,CANDIDATE,CANDIDATE,2.23,1
1047,CANDIDATE,CANDIDATE,2.23,1
1284,CANDIDATE,CANDIDATE,2.23,1
2178,CANDIDATE,CONFIRMED,2.23,1
3445,CANDIDATE,CANDIDATE,2.23,1
3668,CANDIDATE,CANDIDATE,2.23,1
4420,CANDIDATE,CANDIDATE,2.23,1
5921,CANDIDATE,CANDIDATE,2.23,1
6916,NOT DISPOSITIONED,NOT DISPOSITIONED,2.237,0
5086,CANDIDATE,CANDIDATE,2.238,1
6866,FALSE POSITIVE,FALSE POSITIVE,2.2384,0
97,CANDIDATE,CANDIDATE,2.24,1
742,CANDIDATE,CONFIRMED,2.24,1
1760,CANDIDATE,CANDIDATE,2.24,1
3283,CANDIDATE,CONFIRMED,2.24,1
3561,CANDIDATE,CANDIDATE,2.24,1
3947,CANDIDATE,CANDIDATE,2.24,1
4783,CANDIDATE,CANDIDATE,2.24,1
5752,FALSE POSITIVE,FALSE POSITIVE,2.24,0
6479,NOT DISPOSITIONED,NOT DISPOSITIONED,2.24,0
502,CANDIDATE,CONFIRMED,2.25,1
1589,CANDIDATE,CANDIDATE,2.25,1
1611,CANDIDATE,CANDIDATE,2.25,1
2247,CANDIDATE,CONFIRMED,2.25,1
3016,CANDIDATE,CONFIRMED,2.25,1
3520,CANDIDATE,CONFIRMED,2.25,1
3746,CANDIDATE,CANDIDATE,2.25,1
5576,CANDIDATE,CONFIRMED,2.25,1
6666,CANDIDATE,CANDIDATE,2.25,1
6733,NOT DISPOSITIONED,NOT DISPOSITIONED,2.25,0
6225,NOT DISPOSITIONED,NOT DISPOSITIONED,2.258,0
5333,FALSE POSITIVE,FALSE POSITIVE,2.259,0
807,CANDIDATE,CONFIRMED,2.26,1
1531,CANDIDATE,CANDIDATE,2.26,1
2025,CANDIDATE,CANDIDATE,2.26,1
2310,CANDIDATE,CONFIRMED,2.26,1
2944,CANDIDATE,CONFIRMED,2.26,1
4775,FALSE POSITIVE,FALSE POSITIVE,2.26,0
5035,FALSE POSITIVE,FALSE POSITIVE,2.26,0
5329,FALSE POSITIVE,FALSE POSITIVE,2.26,0
6242,FALSE POSITIVE,FALSE POSITIVE,2.26,0
6502,FALSE POSITIVE,FALSE POSITIVE,2.26,0
7011,NOT DISPOSITIONED,NOT DISPOSITIONED,2.26,0
6699,CANDIDATE,CANDIDATE,2.262,1
5911,NOT DISPOSITIONED,NOT DISPOSITIONED,2.267,0
375,CANDIDATE,CANDIDATE,2.268,1
164,FALSE POSITIVE,FALSE POSITIVE,2.27,0
604,CANDIDATE,CANDIDATE,2.27,1
931,CANDIDATE,CANDIDATE,2.27,1
2280,CANDIDATE,CONFIRMED,2.27,1
3244,CANDIDATE,CONFIRMED,2.27,1
3452,CANDIDATE,CONFIRMED,2.27,1
4035,CANDIDATE,CANDIDATE,2.27,1
6382,CANDIDATE,CANDIDATE,2.27,1
6383,CANDIDATE,CANDIDATE,2.27,1
6517,NOT DISPOSITIONED,NOT DISPOSITIONED,2.27,0
6580,NOT DISPOSITIONED,NOT DISPOSITIONED,2.27,0
6593,CANDIDATE,CANDIDATE,2.27,1
15,CANDIDATE,CANDIDATE,2.271,1
4,CANDIDATE,CANDIDATE,2.272,1
3950,CANDIDATE,CANDIDATE,2.279,1
513,CANDIDATE,CONFIRMED,2.28,1
959,CANDIDATE,CONFIRMED,2.28,1
3355,CANDIDATE,CANDIDATE,2.28,1
3767,CANDIDATE,CANDIDATE,2.28,1
6137,CANDIDATE,CANDIDATE,2.28,1
6143,NOT DISPOSITIONED,NOT DISPOSITIONED,2.28,0
6621,CANDIDATE,CANDIDATE,2.28,1
6793,FALSE POSITIVE,FALSE POSITIVE,2.28,0
6836,FALSE POSITIVE,FALSE POSITIVE,2.28,0
5344,FALSE POSITIVE,FALSE POSITIVE,2.286,0
5077,CANDIDATE,CANDIDATE,2.288,1
65,CANDIDATE,CANDIDATE,2.29,1
258,CANDIDATE,CANDIDATE,2.29,1
464,CANDIDATE,CANDIDATE,2.29,1
473,CANDIDATE,CONFIRMED,2.29,1
1724,CANDIDATE,CANDIDATE,2.29,1
2479,CANDIDATE,CONFIRMED,2.29,1
2837,CANDIDATE,CONFIRMED,2.29,1
3003,CANDIDATE,CANDIDATE,2.29,1
3338,CANDIDATE,CANDIDATE,2.29,1
3467,CANDIDATE,CONFIRMED,2.29,1
3695,CANDIDATE,CONFIRMED,2.29,1
3720,CANDIDATE,CONFIRMED,2.29,1
6081,FALSE POSITIVE,FALSE POSITIVE,2.29,0
6384,FALSE POSITIVE,FALSE POSITIVE,2.29,0
6931,FALSE POSITIVE,FALSE POSITIVE,2.29,0
5241,FALSE POSITIVE,FALSE POSITIVE,2.296,0
46,FALSE POSITIVE,FALSE POSITIVE,2.3,0
48,FALSE POSITIVE,FALSE POSITIVE,2.3,0
52,FALSE POSITIVE,FALSE POSITIVE,2.3,0
150,CANDIDATE,CONFIRMED,2.3,1
192,CANDIDATE,CANDIDATE,2.3,1
260,CANDIDATE,CONFIRMED,2.3,1
323,CANDIDATE,CANDIDATE,2.3,1
327,CANDIDATE,CANDIDATE,2.3,1
339,CANDIDATE,CONFIRMED,2.3,1
487,FALSE POSITIVE,FALSE POSITIVE,2.3,0
497,CANDIDATE,CONFIRMED,2.3,1
566,FALSE POSITIVE,FALSE POSITIVE,2.3,0
777,FALSE POSITIVE,FALSE POSITIVE,2.3,0
904,CANDIDATE,CANDIDATE,2.3,1
913,CANDIDATE,CANDIDATE,2.3,1
962,FALSE POSITIVE,FALSE POSITIVE,2.3,0
1051,CANDIDATE,CANDIDATE,2.3,1
1096,CANDIDATE,CANDIDATE,2.3,1
1119,CANDIDATE,CANDIDATE,2.3,1
1485,FALSE POSITIVE,FALSE POSITIVE,2.3,0
1600,CANDIDATE,CANDIDATE,2.3,1
1616,CANDIDATE,CANDIDATE,2.3,1
1720,CANDIDATE,CANDIDATE,2.3,1
1730,CANDIDATE,CONFIRMED,2.3,1
1749,CANDIDATE,CANDIDATE,2.3,1
1894,CANDIDATE,CANDIDATE,2.3,1
1906,CANDIDATE,CANDIDATE,2.3,1
1919,CANDIDATE,CANDIDATE,2.3,1
2027,CANDIDATE,CANDIDATE,2.3,1
2080,CANDIDATE,CANDIDATE,2.3,1
2099,CANDIDATE,CANDIDATE,2.3,1
2136,FALSE POSITIVE,FALSE POSITIVE,2.3,0
2188,CANDIDATE,CANDIDATE,2.3,1
2300,CANDIDATE,CANDIDATE,2.3,1
2381,CANDIDATE,CANDIDATE,2.3,1
2447,CANDIDATE,CANDIDATE,2.3,1
2465,CANDIDATE,CANDIDATE,2.3,1
2482,CANDIDATE,CANDIDATE,2.3,1
2517,CANDIDATE,CANDIDATE,2.3,1
2530,CANDIDATE,CANDIDATE,2.3,1
2585,CANDIDATE,CANDIDATE,2.3,1
2711,CANDIDATE,CANDIDATE,2.3,1
2719,CANDIDATE,CANDIDATE,2.3,1
2791,CANDIDATE,CANDIDATE,2.3,1
2840,CANDIDATE,CONFIRMED,2.3,1
2855,CANDIDATE,CANDIDATE,2.3,1
2943,CANDIDATE,CANDIDATE,2.3,1
2977,CANDIDATE,CONFIRMED,2.3,1
3006,CANDIDATE,CONFIRMED,2.3,1
3043,CANDIDATE,CANDIDATE,2.3,1
3071,FALSE POSITIVE,FALSE POSITIVE,2.3,0
3129,FALSE POSITIVE,FALSE POSITIVE,2.3,0
3131,FALSE POSITIVE,FALSE POSITIVE,2.3,0
3185,CANDIDATE,CANDIDATE,2.3,1
3247,CANDIDATE,CONFIRMED,2.3,1
3249,CANDIDATE,CONFIRMED,2.3,1
3257,CANDIDATE,CANDIDATE,2.3,1
3260,FALSE POSITIVE,FALSE POSITIVE,2.3,0
3285,CANDIDATE,CANDIDATE,2.3,1
3660,CANDIDATE,CANDIDATE,2.3,1
3700,CANDIDATE,CANDIDATE,2.3,1
3806,CANDIDATE,CONFIRMED,2.3,1
3988,FALSE POSITIVE,FALSE POSITIVE,2.3,0
4011,FALSE POSITIVE,FALSE POSITIVE,2.3,0
4019,CANDIDATE,CANDIDATE,2.3,1
4158,FALSE POSITIVE,FALSE POSITIVE,2.3,0
4230,FALSE POSITIVE,FALSE POSITIVE,2.3,0
4480,FALSE POSITIVE,FALSE POSITIVE,2.3,0
4739,CANDIDATE,CANDIDATE,2.3,1
4931,FALSE POSITIVE,FALSE POSITIVE,2.3,0
5595,FALSE POSITIVE,FALSE POSITIVE,2.3,0
5612,FALSE POSITIVE,FALSE POSITIVE,2.3,0
5735,FALSE POSITIVE,FALSE POSITIVE,2.3,0
5809,FALSE POSITIVE,FALSE POSITIVE,2.3,0
5814,NOT DISPOSITIONED,NOT DISPOSITIONED,2.3,0
5900,NOT DISPOSITIONED,NOT DISPOSITIONED,2.3,0
6179,CANDIDATE,CANDIDATE,2.3,1
6234,CANDIDATE,CANDIDATE,2.3,1
6922,FALSE POSITIVE,FALSE POSITIVE,2.3,0
6930,FALSE POSITIVE,FALSE POSITIVE,2.3,0
6959,NOT DISPOSITIONED,NOT DISPOSITIONED,2.3,0
4170,FALSE POSITIVE,FALSE POSITIVE,2.305,0
686,CANDIDATE,CANDIDATE,2.31,1
717,CANDIDATE,CANDIDATE,2.31,1
920,CANDIDATE,CONFIRMED,2.31,1
1496,CANDIDATE,CONFIRMED,2.31,1
1872,CANDIDATE,CANDIDATE,2.31,1
2071,CANDIDATE,CANDIDATE,2.31,1
2734,CANDIDATE,CONFIRMED,2.31,1
2916,CANDIDATE,CANDIDATE,2.31,1
3077,CANDIDATE,CANDIDATE,2.31,1
4834,CANDIDATE,CANDIDATE,2.31,1
5255,FALSE POSITIVE,FALSE POSITIVE,2.31,0
6324,FALSE POSITIVE,FALSE POSITIVE,2.31,0
6356,NOT DISPOSITIONED,NOT DISPOSITIONED,2.31,0
6409,FALSE POSITIVE,FALSE POSITIVE,2.31,0
6782,CANDIDATE,CANDIDATE,2.31,1
919,CANDIDATE,CONFIRMED,2.32,1
1281,CANDIDATE,CANDIDATE,2.32,1
1787,CANDIDATE,CANDIDATE,2.32,1
4192,CANDIDATE,CANDIDATE,2.32,1
4882,FALSE POSITIVE,FALSE POSITIVE,2.32,0
6656,FALSE POSITIVE,FALSE POSITIVE,2.32,0
6786,NOT DISPOSITIONED,NOT DISPOSITIONED,2.32,0
6978,NOT DISPOSITIONED,NOT DISPOSITIONED,2.32,0
6999,NOT DISPOSITIONED,NOT DISPOSITIONED,2.32,0
578,FALSE POSITIVE,FALSE POSITIVE,2.322,0
5253,FALSE POSITIVE,FALSE POSITIVE,2.322,0
6585,NOT DISPOSITIONED,NOT DISPOSITIONED,2.329,0
1108,CANDIDATE,CANDIDATE,2.33,1
1402,CANDIDATE,CONFIRMED,2.33,1
1863,CANDIDATE,CANDIDATE,2.33,1
2077,CANDIDATE,CONFIRMED,2.33,1
2542,CANDIDATE,CANDIDATE,2.33,1
6180,FALSE POSITIVE,FALSE POSITIVE,2.33,0
6289,CANDIDATE,CANDIDATE,2.33,1
6410,NOT DISPOSITIONED,NOT DISPOSITIONED,2.33,0
6520,NOT DISPOSITIONED,NOT DISPOSITIONED,2.33,0
6717,NOT DISPOSITIONED,NOT DISPOSITIONED,2.33,0
7117,NOT DISPOSITIONED,NOT DISPOSITIONED,2.33,0
5250,FALSE POSITIVE,FALSE POSITIVE,2.335,0
1076,CANDIDATE,CONFIRMED,2.34,1
2050,CANDIDATE,CANDIDATE,2.34,1
2357,CANDIDATE,CONFIRMED,2.34,1
5958,CANDIDATE,CANDIDATE,2.34,1
6132,CANDIDATE,CANDIDATE,2.34,1
6402,NOT DISPOSITIONED,NOT DISPOSITIONED,2.34,0
7265,NOT DISPOSITIONED,NOT DISPOSITIONED,2.34,0
4979,FALSE POSITIVE,FALSE POSITIVE,2.345,0
4284,CANDIDATE,CANDIDATE,2.346,1
4908,CANDIDATE,CANDIDATE,2.346,1
93,CANDIDATE,CANDIDATE,2.348,1
869,FALSE POSITIVE,FALSE POSITIVE,2.35,0
1257,CANDIDATE,CONFIRMED,2.35,1
2863,CANDIDATE,CANDIDATE,2.35,1
3288,CANDIDATE,CANDIDATE,2.35,1
6696,NOT DISPOSITIONED,NOT DISPOSITIONED,2.35,0
7210,NOT DISPOSITIONED,NOT DISPOSITIONED,2.35,0
7273,NOT DISPOSITIONED,NOT DISPOSITIONED,2.35,0
7082,NOT DISPOSITIONED,NOT DISPOSITIONED,2.354,0
5337,FALSE POSITIVE,FALSE POSITIVE,2.359,0
223,CANDIDATE,CONFIRMED,2.36,1
648,CANDIDATE,CANDIDATE,2.36,1
848,CANDIDATE,CANDIDATE,2.36,1
2544,CANDIDATE,CONFIRMED,2.36,1
3286,CANDIDATE,CANDIDATE,2.36,1
3357,CANDIDATE,CONFIRMED,2.36,1
3847,CANDIDATE,CONFIRMED,2.36,1
4829,CANDIDATE,CANDIDATE,2.36,1
5877,CANDIDATE,CANDIDATE,2.36,1
6284,FALSE POSITIVE,FALSE POSITIVE,2.36,0
6722,NOT DISPOSITIONED,NOT DISPOSITIONED,2.36,0
7221,NOT DISPOSITIONED,NOT DISPOSITIONED,2.36,0
242,CANDIDATE,CONFIRMED,2.37,1
373,FALSE POSITIVE,FALSE POSITIVE,2.37,0
612,CANDIDATE,CANDIDATE,2.37,1
993,FALSE POSITIVE,FALSE POSITIVE,2.37,0
1392,CANDIDATE,CANDIDATE,2.37,1
1640,FALSE POSITIVE,FALSE POSITIVE,2.37,0
1857,CANDIDATE,CANDIDATE,2.37,1
2900,FALSE POSITIVE,FALSE POSITIVE,2.37,0
3080,CANDIDATE,CONFIRMED,2.37,1
3130,CANDIDATE,CANDIDATE,2.37,1
5934,NOT DISPOSITIONED,NOT DISPOSITIONED,2.37,0
5954,NOT DISPOSITIONED,NOT DISPOSITIONED,2.37,0
6646,NOT DISPOSITIONED,NOT DISPOSITIONED,2.37,0
5354,FALSE POSITIVE,FALSE POSITIVE,2.376,0
1697,CANDIDATE,CANDIDATE,2.38,1
2456,CANDIDATE,CANDIDATE,2.38,1
4344,CANDIDATE,CANDIDATE,2.38,1
5030,CANDIDATE,CANDIDATE,2.38,1
6430,NOT DISPOSITIONED,NOT DISPOSITIONED,2.38,0
6507,CANDIDATE,CANDIDATE,2.38,1
7200,NOT DISPOSITIONED,NOT DISPOSITIONED,2.38,0
5376,CANDIDATE,CANDIDATE,2.381,1
5808,NOT DISPOSITIONED,NOT DISPOSITIONED,2.385,0
1526,FALSE POSITIVE,FALSE POSITIVE,2.39,0
1940,CANDIDATE,CANDIDATE,2.39,1
6463,NOT DISPOSITIONED,NOT DISPOSITIONED,2.39,0
6569,CANDIDATE,CANDIDATE,2.39,1
7164,NOT DISPOSITIONED,NOT DISPOSITIONED,2.39,0
4104,CANDIDATE,CANDIDATE,2.393,1
7140,NOT DISPOSITIONED,NOT DISPOSITIONED,2.395,0
408,FALSE POSITIVE,FALSE POSITIVE,2.399,0
102,FALSE POSITIVE,FALSE POSITIVE,2.4,0
138,FALSE POSITIVE,FALSE POSITIVE,2.4,0
247,CANDIDATE,CANDIDATE,2.4,1
388,FALSE POSITIVE,FALSE POSITIVE,2.4,0
396,CANDIDATE,CONFIRMED,2.4,1
432,FALSE POSITIVE,FALSE POSITIVE,2.4,0
543,CANDIDATE,CANDIDATE,2.4,1
571,CANDIDATE,CONFIRMED,2.4,1
626,CANDIDATE,CONFIRMED,2.4,1
757,CANDIDATE,CANDIDATE,2.4,1
786,CANDIDATE,CANDIDATE,2.4,1
1067,CANDIDATE,CANDIDATE,2.4,1
1304,CANDIDATE,CONFIRMED,2.4,1
1423,CANDIDATE,CONFIRMED,2.4,1
1501,FALSE POSITIVE,FALSE POSITIVE,2.4,0
1586,CANDIDATE,CONFIRMED,2.4,1
1608,CANDIDATE,CANDIDATE,2.4,1
1622,CANDIDATE,CANDIDATE,2.4,1
1627,CANDIDATE,CONFIRMED,2.4,1
1652,CANDIDATE,CANDIDATE,2.4,1
1819,CANDIDATE,CANDIDATE,2.4,1
1882,CANDIDATE,CANDIDATE,2.4,1
1891,CANDIDATE,CANDIDATE,2.4,1
1896,CANDIDATE,CANDIDATE,2.4,1
1911,CANDIDATE,CANDIDATE,2.4,1
1918,CANDIDATE,CANDIDATE,2.4,1
1947,CANDIDATE,CANDIDATE,2.4,1
1952,CANDIDATE,CANDIDATE,2.4,1
1960,CANDIDATE,CANDIDATE,2.4,1
1997,FALSE POSITIVE,FALSE POSITIVE,2.4,0
2016,CANDIDATE,CANDIDATE,2.4,1
2141,CANDIDATE,CANDIDATE,2.4,1
2243,CANDIDATE,CONFIRMED,2.4,1
2313,CANDIDATE,CONFIRMED,2.4,1
2448,CANDIDATE,CANDIDATE,2.4,1
2469,CANDIDATE,CANDIDATE,2.4,1
2492,CANDIDATE,CANDIDATE,2.4,1
2505,CANDIDATE,CONFIRMED,2.4,1
2506,CANDIDATE,CANDIDATE,2.4,1
2514,CANDIDATE,CANDIDATE,2.4,1
2515,CANDIDATE,CANDIDATE,2.4,1
2535,CANDIDATE,CANDIDATE,2.4,1
2650,CANDIDATE,CANDIDATE,2.4,1
2751,CANDIDATE,CANDIDATE,2.4,1
2806,CANDIDATE,CANDIDATE,2.4,1
2946,CANDIDATE,CANDIDATE,2.4,1
3168,CANDIDATE,CANDIDATE,2.4,1
3233,CANDIDATE,CANDIDATE,2.4,1
3237,CANDIDATE,CANDIDATE,2.4,1
3293,FALSE POSITIVE,FALSE POSITIVE,2.4,0
3308,CANDIDATE,CONFIRMED,2.4,1
3410,CANDIDATE,CANDIDATE,2.4,1
3457,FALSE POSITIVE,FALSE POSITIVE,2.4,0
3545,FALSE POSITIVE,FALSE POSITIVE,2.4,0
3579,CANDIDATE,CANDIDATE,2.4,1
3581,CANDIDATE,CONFIRMED,2.4,1
3585,CANDIDATE,CANDIDATE,2.4,1
3626,CANDIDATE,CONFIRMED,2.4,1
3838,FALSE POSITIVE,FALSE POSITIVE,2.4,0
4020,FALSE POSITIVE,FALSE POSITIVE,2.4,0
4070,FALSE POSITIVE,FALSE POSITIVE,2.4,0
4099,FALSE POSITIVE,FALSE POSITIVE,2.4,0
4109,CANDIDATE,CANDIDATE,2.4,1
4188,FALSE POSITIVE,FALSE POSITIVE,2.4,0
4328,FALSE POSITIVE,FALSE POSITIVE,2.4,0
4473,CANDIDATE,CANDIDATE,2.4,1
5023,CANDIDATE,CANDIDATE,2.4,1
5362,FALSE POSITIVE,FALSE POSITIVE,2.4,0
5567,FALSE POSITIVE,FALSE POSITIVE,2.4,0
5926,FALSE POSITIVE,FALSE POSITIVE,2.4,0
6446,FALSE POSITIVE,FALSE POSITIVE,2.4,0
431,FALSE POSITIVE,FALSE POSITIVE,2.405,0
4754,CANDIDATE,CANDIDATE,2.405,1
5444,FALSE POSITIVE,FALSE POSITIVE,2.409,0
727,CANDIDATE,CONFIRMED,2.41,1
1784,FALSE POSITIVE,FALSE POSITIVE,2.41,0
1942,CANDIDATE,CANDIDATE,2.41,1
1969,CANDIDATE,CANDIDATE,2.41,1
2913,CANDIDATE,CONFIRMED,2.41,1
3323,CANDIDATE,CONFIRMED,2.41,1
5389,FALSE POSITIVE,FALSE POSITIVE,2.41,0
6919,NOT DISPOSITIONED,NOT DISPOSITIONED,2.41,0
7216,NOT DISPOSITIONED,NOT DISPOSITIONED,2.41,0
1184,CANDIDATE,CANDIDATE,2.42,1
2295,CANDIDATE,CANDIDATE,2.42,1
2434,CANDIDATE,CANDIDATE,2.42,1
2953,CANDIDATE,CANDIDATE,2.42,1
6048,NOT DISPOSITIONED,NOT DISPOSITIONED,2.42,0
7214,NOT DISPOSITIONED,NOT DISPOSITIONED,2.42,0
7245,NOT DISPOSITIONED,NOT DISPOSITIONED,2.423,0
230,CANDIDATE,CANDIDATE,2.43,1
1078,CANDIDATE,CONFIRMED,2.43,1
2518,CANDIDATE,CANDIDATE,2.43,1
2912,CANDIDATE,CONFIRMED,2.43,1
5805,NOT DISPOSITIONED,NOT DISPOSITIONED,2.43,0
6091,FALSE POSITIVE,FALSE POSITIVE,2.43,0
6302,FALSE POSITIVE,FALSE POSITIVE,2.43,0
6315,NOT DISPOSITIONED,NOT DISPOSITIONED,2.43,0
5299,CANDIDATE,CANDIDATE,2.432,1
3075,CANDIDATE,CANDIDATE,2.44,1
3087,CANDIDATE,CANDIDATE,2.44,1
6257,FALSE POSITIVE,FALSE POSITIVE,2.44,0
6604,FALSE POSITIVE,FALSE POSITIVE,2.44,0
6658,FALSE POSITIVE,FALSE POSITIVE,2.44,0
7017,NOT DISPOSITIONED,NOT DISPOSITIONED,2.44,0
7191,NOT DISPOSITIONED,NOT DISPOSITIONED,2.44,0
4172,FALSE POSITIVE,FALSE POSITIVE,2.446,0
144,CANDIDATE,CONFIRMED,2.45,1
611,CANDIDATE,CANDIDATE,2.45,1
850,CANDIDATE,CONFIRMED,2.45,1
2062,CANDIDATE,CANDIDATE,2.45,1
5848,CANDIDATE,CANDIDATE,2.45,1
6397,CANDIDATE,CANDIDATE,2.45,1
6594,CANDIDATE,CANDIDATE,2.45,1
6633,CANDIDATE,CANDIDATE,2.45,1
6739,NOT DISPOSITIONED,NOT DISPOSITIONED,2.45,0
7220,NOT DISPOSITIONED,NOT DISPOSITIONED,2.45,0
395,CANDIDATE,CONFIRMED,2.46,1
936,CANDIDATE,CONFIRMED,2.46,1
1554,CANDIDATE,CANDIDATE,2.46,1
1709,CANDIDATE,CONFIRMED,2.46,1
2859,CANDIDATE,CONFIRMED,2.46,1
3072,CANDIDATE,CANDIDATE,2.46,1
3073,CANDIDATE,CANDIDATE,2.46,1
6532,NOT DISPOSITIONED,NOT DISPOSITIONED,2.46,0
6606,FALSE POSITIVE,FALSE POSITIVE,2.46,0
6749,NOT DISPOSITIONED,NOT DISPOSITIONED,2.46,0
7031,NOT DISPOSITIONED,NOT DISPOSITIONED,2.46,0
7223,NOT DISPOSITIONED,NOT DISPOSITIONED,2.46,0
393,CANDIDATE,CONFIRMED,2.47,1
503,CANDIDATE,CANDIDATE,2.47,1
606,CANDIDATE,CONFIRMED,2.47,1
2598,CANDIDATE,CONFIRMED,2.47,1
3713,CANDIDATE,CONFIRMED,2.47,1
6728,FALSE POSITIVE,FALSE POSITIVE,2.47,0
7027,NOT DISPOSITIONED,NOT DISPOSITIONED,2.47,0
4694,CANDIDATE,CANDIDATE,2.471,1
89,CANDIDATE,CONFIRMED,2.475,1
5252,FALSE POSITIVE,FALSE POSITIVE,2.4759,0
7169,NOT DISPOSITIONED,NOT DISPOSITIONED,2.477,0
767,CANDIDATE,CANDIDATE,2.48,1
1037,CANDIDATE,CANDIDATE,2.48,1
1121,CANDIDATE,CANDIDATE,2.48,1
1298,CANDIDATE,CANDIDATE,2.48,1
1637,CANDIDATE,CANDIDATE,2.48,1
2583,CANDIDATE,CANDIDATE,2.48,1
2854,CANDIDATE,CANDIDATE,2.48,1
3413,CANDIDATE,CONFIRMED,2.48,1
4699,CANDIDATE,CANDIDATE,2.48,1
6301,CANDIDATE,CANDIDATE,2.48,1
6434,CANDIDATE,CANDIDATE,2.48,1
7197,NOT DISPOSITIONED,NOT DISPOSITIONED,2.48,0
7145,NOT DISPOSITIONED,NOT DISPOSITIONED,2.488,0
1307,CANDIDATE,CONFIRMED,2.49,1
1480,FALSE POSITIVE,FALSE POSITIVE,2.49,0
3017,CANDIDATE,CONFIRMED,2.49,1
6145,NOT DISPOSITIONED,NOT DISPOSITIONED,2.49,0
6271,FALSE POSITIVE,FALSE POSITIVE,2.49,0
6493,FALSE POSITIVE,FALSE POSITIVE,2.49,0
595,CANDIDATE,CANDIDATE,2.497,1
5078,CANDIDATE,CANDIDATE,2.499,1
7,FALSE POSITIVE,FALSE POSITIVE,2.5,0
183,CANDIDATE,CANDIDATE,2.5,1
246,CANDIDATE,CANDIDATE,2.5,1
248,CANDIDATE,CONFIRMED,2.5,1
290,CANDIDATE,CANDIDATE,2.5,1
295,CANDIDATE,CONFIRMED,2.5,1
340,CANDIDATE,CONFIRMED,2.5,1
514,FALSE POSITIVE,FALSE POSITIVE,2.5,0
564,CANDIDATE,CONFIRMED,2.5,1
692,CANDIDATE,CONFIRMED,2.5,1
718,CANDIDATE,CONFIRMED,2.5,1
778,FALSE POSITIVE,FALSE POSITIVE,2.5,0
1064,CANDIDATE,CANDIDATE,2.5,1
1155,CANDIDATE,CANDIDATE,2.5,1
1299,CANDIDATE,CANDIDATE,2.5,1
1383,CANDIDATE,CANDIDATE,2.5,1
1463,CANDIDATE,CONFIRMED,2.5,1
1560,FALSE POSITIVE,FALSE POSITIVE,2.5,0
1603,CANDIDATE,CANDIDATE,2.5,1
1806,CANDIDATE,CANDIDATE,2.5,1
1933,CANDIDATE,CANDIDATE,2.5,1
1943,CANDIDATE,CANDIDATE,2.5,1
1946,CANDIDATE,CANDIDATE,2.5,1
1963,CANDIDATE,CONFIRMED,2.5,1
2012,CANDIDATE,CANDIDATE,2.5,1
2232,CANDIDATE,CANDIDATE,2.5,1
2253,CANDIDATE,CANDIDATE,2.5,1
2314,CANDIDATE,CONFIRMED,2.5,1
2323,FALSE POSITIVE,FALSE POSITIVE,2.5,0
2327,CANDIDATE,CANDIDATE,2.5,1
2435,CANDIDATE,CONFIRMED,2.5,1
2453,CANDIDATE,CONFIRMED,2.5,1
2468,CANDIDATE,CANDIDATE,2.5,1
2581,CANDIDATE,CANDIDATE,2.5,1
2586,CANDIDATE,CANDIDATE,2.5,1
2667,CANDIDATE,CANDIDATE,2.5,1
2685,CANDIDATE,CANDIDATE,2.5,1
2714,FALSE POSITIVE,FALSE POSITIVE,2.5,0
2762,CANDIDATE,CONFIRMED,2.5,1
2872,CANDIDATE,CANDIDATE,2.5,1
2955,CANDIDATE,CANDIDATE,2.5,1
2984,CANDIDATE,CANDIDATE,2.5,1
2990,CANDIDATE,CANDIDATE,2.5,1
3010,CANDIDATE,CONFIRMED,2.5,1
3011,CANDIDATE,CONFIRMED,2.5,1
3066,CANDIDATE,CANDIDATE,2.5,1
3172,CANDIDATE,CANDIDATE,2.5,1
3236,CANDIDATE,CANDIDATE,2.5,1
3248,CANDIDATE,CONFIRMED,2.5,1
3255,CANDIDATE,CANDIDATE,2.5,1
3281,CANDIDATE,CONFIRMED,2.5,1
3296,CANDIDATE,CANDIDATE,2.5,1
3305,CANDIDATE,CONFIRMED,2.5,1
3462,CANDIDATE,CANDIDATE,2.5,1
3487,CANDIDATE,CANDIDATE,2.5,1
3489,CANDIDATE,CANDIDATE,2.5,1
3519,CANDIDATE,CANDIDATE,2.5,1
3652,CANDIDATE,CANDIDATE,2.5,1
3730,CANDIDATE,CONFIRMED,2.5,1
3846,CANDIDATE,CONFIRMED,2.5,1
4098,FALSE POSITIVE,FALSE POSITIVE,2.5,0
4169,CANDIDATE,CANDIDATE,2.5,1
4236,FALSE POSITIVE,FALSE POSITIVE,2.5,0
4368,FALSE POSITIVE,FALSE POSITIVE,2.5,0
4383,FALSE POSITIVE,FALSE POSITIVE,2.5,0
4505,CANDIDATE,CANDIDATE,2.5,1
4692,CANDIDATE,CANDIDATE,2.5,1
5644,FALSE POSITIVE,FALSE POSITIVE,2.5,0
5748,FALSE POSITIVE,FALSE POSITIVE,2.5,0
5943,FALSE POSITIVE,FALSE POSITIVE,2.5,0
6120,NOT DISPOSITIONED,NOT DISPOSITIONED,2.5,0
4466,FALSE POSITIVE,FALSE POSITIVE,2.505,0
7079,NOT DISPOSITIONED,NOT DISPOSITIONED,2.505,0
5416,FALSE POSITIVE,FALSE POSITIVE,2.507,0
618,CANDIDATE,CANDIDATE,2.51,1
720,CANDIDATE,CONFIRMED,2.51,1
1117,CANDIDATE,CANDIDATE,2.51,1
2066,CANDIDATE,CONFIRMED,2.51,1
2340,CANDIDATE,CONFIRMED,2.51,1
3200,CANDIDATE,CANDIDATE,2.51,1
3856,FALSE POSITIVE,FALSE POSITIVE,2.51,0
5182,CANDIDATE,CANDIDATE,2.51,1
6898,NOT DISPOSITIONED,NOT DISPOSITIONED,2.51,0
6958,NOT DISPOSITIONED,NOT DISPOSITIONED,2.51,0
4467,CANDIDATE,CANDIDATE,2.516,1
414,CANDIDATE,CONFIRMED,2.52,1
1175,CANDIDATE,CONFIRMED,2.52,1
2110,CANDIDATE,CANDIDATE,2.52,1
3349,CANDIDATE,CANDIDATE,2.52,1
5811,FALSE POSITIVE,FALSE POSITIVE,2.52,0
6187,CANDIDATE,CANDIDATE,2.52,1
6243,NOT DISPOSITIONED,NOT DISPOSITIONED,2.52,0
6103,CANDIDATE,CANDIDATE,2.5225,1
5084,CANDIDATE,CANDIDATE,2.523,1
4806,CANDIDATE,CANDIDATE,2.526,1
617,CANDIDATE,CANDIDATE,2.53,1
871,CANDIDATE,CONFIRMED,2.53,1
1399,CANDIDATE,CONFIRMED,2.53,1
1425,CANDIDATE,CANDIDATE,2.53,1
2137,CANDIDATE,CANDIDATE,2.53,1
2184,CANDIDATE,CANDIDATE,2.53,1
2536,CANDIDATE,CANDIDATE,2.53,1
2623,CANDIDATE,CONFIRMED,2.53,1
3041,CANDIDATE,CANDIDATE,2.53,1
3306,CANDIDATE,CONFIRMED,2.53,1
3638,CANDIDATE,CONFIRMED,2.53,1
4127,CANDIDATE,CANDIDATE,2.53,1
5807,NOT DISPOSITIONED,NOT DISPOSITIONED,2.53,0
6667,CANDIDATE,CANDIDATE,2.53,1
6812,NOT DISPOSITIONED,NOT DISPOSITIONED,2.53,0
4416,CANDIDATE,CANDIDATE,2.534,1
6713,FALSE POSITIVE,FALSE POSITIVE,2.534,0
7056,NOT DISPOSITIONED,NOT DISPOSITIONED,2.5348,0
143,CANDIDATE,CONFIRMED,2.54,1
975,CANDIDATE,CANDIDATE,2.54,1
1075,CANDIDATE,CONFIRMED,2.54,1
1093,CANDIDATE,CANDIDATE,2.54,1
1404,CANDIDATE,CANDIDATE,2.54,1
2777,CANDIDATE,CONFIRMED,2.54,1
3123,CANDIDATE,CONFIRMED,2.54,1
3261,CANDIDATE,CONFIRMED,2.54,1
4374,FALSE POSITIVE,FALSE POSITIVE,2.54,0
4716,CANDIDATE,CANDIDATE,2.54,1
4755,FALSE POSITIVE,FALSE POSITIVE,2.545,0
315,CANDIDATE,CANDIDATE,2.55,1
744,CANDIDATE,CONFIRMED,2.55,1
1295,CANDIDATE,CANDIDATE,2.55,1
2317,CANDIDATE,CANDIDATE,2.55,1
2532,CANDIDATE,CONFIRMED,2.55,1
2896,CANDIDATE,CANDIDATE,2.55,1
3264,CANDIDATE,CONFIRMED,2.55,1
3715,CANDIDATE,CONFIRMED,2.55,1
6673,FALSE POSITIVE,FALSE POSITIVE,2.55,0
6888,CANDIDATE,CANDIDATE,2.55,1
305,CANDIDATE,CANDIDATE,2.56,1
1494,CANDIDATE,CONFIRMED,2.56,1
2227,CANDIDATE,CANDIDATE,2.56,1
2455,CANDIDATE,CONFIRMED,2.56,1
3751,CANDIDATE,CONFIRMED,2.56,1
5462,CANDIDATE,CANDIDATE,2.56,1
6236,NOT DISPOSITIONED,NOT DISPOSITIONED,2.56,0
6403,NOT DISPOSITIONED,NOT DISPOSITIONED,2.56,0
6513,FALSE POSITIVE,FALSE POSITIVE,2.56,0
6550,NOT DISPOSITIONED,NOT DISPOSITIONED,2.56,0
6578,FALSE POSITIVE,FALSE POSITIVE,2.56,0
4787,CANDIDATE,CANDIDATE,2.565,1
772,CANDIDATE,CONFIRMED,2.57,1
2937,FALSE POSITIVE,FALSE POSITIVE,2.57,0
3733,CANDIDATE,CANDIDATE,2.57,1
7009,NOT DISPOSITIONED,NOT DISPOSITIONED,2.57,0
5185,CANDIDATE,CANDIDATE,2.571,1
28,CANDIDATE,CANDIDATE,2.572,1
735,CANDIDATE,CANDIDATE,2.58,1
743,CANDIDATE,CONFIRMED,2.58,1
1181,CANDIDATE,CANDIDATE,2.58,1
2580,CANDIDATE,CANDIDATE,2.58,1
3815,CANDIDATE,CANDIDATE,2.58,1
3820,CANDIDATE,CONFIRMED,2.58,1
7047,NOT DISPOSITIONED,NOT DISPOSITIONED,2.58,0
475,CANDIDATE,CANDIDATE,2.59,1
1909,CANDIDATE,CONFIRMED,2.59,1
2430,CANDIDATE,CANDIDATE,2.59,1
6126,FALSE POSITIVE,FALSE POSITIVE,2.59,0
110,CANDIDATE,CONFIRMED,2.6,1
136,FALSE POSITIVE,FALSE POSITIVE,2.6,0
190,CANDIDATE,CANDIDATE,2.6,1
287,CANDIDATE,CONFIRMED,2.6,1
308,CANDIDATE,CANDIDATE,2.6,1
422,CANDIDATE,CANDIDATE,2.6,1
441,CANDIDATE,CANDIDATE,2.6,1
462,FALSE POSITIVE,FALSE POSITIVE,2.6,0
572,CANDIDATE,CONFIRMED,2.6,1
583,FALSE POSITIVE,FALSE POSITIVE,2.6,0
641,CANDIDATE,CANDIDATE,2.6,1
673,CANDIDATE,CONFIRMED,2.6,1
854,CANDIDATE,CANDIDATE,2.6,1
983,FALSE POSITIVE,FALSE POSITIVE,2.6,0
1107,CANDIDATE,CANDIDATE,2.6,1
1140,CANDIDATE,CONFIRMED,2.6,1
1161,FALSE POSITIVE,FALSE POSITIVE,2.6,0
1226,CANDIDATE,CANDIDATE,2.6,1
1256,FALSE POSITIVE,FALSE POSITIVE,2.6,0
1269,CANDIDATE,CONFIRMED,2.6,1
1270,CANDIDATE,CONFIRMED,2.6,1
1424,CANDIDATE,CONFIRMED,2.6,1
1467,CANDIDATE,CONFIRMED,2.6,1
1591,CANDIDATE,CANDIDATE,2.6,1
1635,FALSE POSITIVE,FALSE POSITIVE,2.6,0
1716,CANDIDATE,CANDIDATE,2.6,1
1723,CANDIDATE,CANDIDATE,2.6,1
1738,CANDIDATE,CANDIDATE,2.6,1
1949,FALSE POSITIVE,FALSE POSITIVE,2.6,0
1987,CANDIDATE,CANDIDATE,2.6,1
2019,CANDIDATE,CANDIDATE,2.6,1
2022,CANDIDATE,CANDIDATE,2.6,1
2067,CANDIDATE,CANDIDATE,2.6,1
2162,CANDIDATE,CANDIDATE,2.6,1
2181,CANDIDATE,CANDIDATE,2.6,1
2202,CANDIDATE,CANDIDATE,2.6,1
2413,CANDIDATE,CANDIDATE,2.6,1
2440,CANDIDATE,CONFIRMED,2.6,1
2473,FALSE POSITIVE,FALSE POSITIVE,2.6,0
2497,CANDIDATE,CANDIDATE,2.6,1
2507,CANDIDATE,CANDIDATE,2.6,1
2513,CANDIDATE,CANDIDATE,2.6,1
2527,CANDIDATE,CANDIDATE,2.6,1
2550,CANDIDATE,CANDIDATE,2.6,1
2607,CANDIDATE,CANDIDATE,2.6,1
2739,CANDIDATE,CANDIDATE,2.6,1
2851,FALSE POSITIVE,FALSE POSITIVE,2.6,0
3067,CANDIDATE,CONFIRMED,2.6,1
3214,FALSE POSITIVE,FALSE POSITIVE,2.6,0
3265,FALSE POSITIVE,FALSE POSITIVE,2.6,0
3307,CANDIDATE,CONFIRMED,2.6,1
3324,FALSE POSITIVE,FALSE POSITIVE,2.6,0
3383,CANDIDATE,CANDIDATE,2.6,1
3439,FALSE POSITIVE,FALSE POSITIVE,2.6,0
3465,CANDIDATE,CONFIRMED,2.6,1
3532,CANDIDATE,CANDIDATE,2.6,1
3558,CANDIDATE,CONFIRMED,2.6,1
3605,CANDIDATE,CONFIRMED,2.6,1
3641,CANDIDATE,CANDIDATE,2.6,1
3650,CANDIDATE,CANDIDATE,2.6,1
3699,CANDIDATE,CANDIDATE,2.6,1
3709,CANDIDATE,CANDIDATE,2.6,1
3902,CANDIDATE,CANDIDATE,2.6,1
4000,FALSE POSITIVE,FALSE POSITIVE,2.6,0
4100,FALSE POSITIVE,FALSE POSITIVE,2.6,0
4153,FALSE POSITIVE,FALSE POSITIVE,2.6,0
4727,FALSE POSITIVE,FALSE POSITIVE,2.6,0
4974,FALSE POSITIVE,FALSE POSITIVE,2.6,0
5537,CANDIDATE,CANDIDATE,2.6,1
5660,FALSE POSITIVE,FALSE POSITIVE,2.6,0
5746,FALSE POSITIVE,FALSE POSITIVE,2.6,0
5771,FALSE POSITIVE,FALSE POSITIVE,2.6,0
5982,NOT DISPOSITIONED,NOT DISPOSITIONED,2.6,0
6322,FALSE POSITIVE,FALSE POSITIVE,2.6,0
6718,FALSE POSITIVE,FALSE POSITIVE,2.6,0
7266,NOT DISPOSITIONED,NOT DISPOSITIONED,2.6,0
5001,FALSE POSITIVE,FALSE POSITIVE,2.601,0
5419,FALSE POSITIVE,FALSE POSITIVE,2.604,0
4698,CANDIDATE,CANDIDATE,2.606,1
525,CANDIDATE,CONFIRMED,2.61,1
2264,CANDIDATE,CANDIDATE,2.61,1
3397,FALSE POSITIVE,FALSE POSITIVE,2.61,0
3755,CANDIDATE,CONFIRMED,2.61,1
6325,CANDIDATE,CANDIDATE,2.61,1
6650,NOT DISPOSITIONED,NOT DISPOSITIONED,2.61,0
6889,NOT DISPOSITIONED,NOT DISPOSITIONED,2.61,0
2543,CANDIDATE,CONFIRMED,2.62,1
3180,CANDIDATE,CONFIRMED,2.62,1
5914,FALSE POSITIVE,FALSE POSITIVE,2.62,0
2338,CANDIDATE,CANDIDATE,2.63,1
2665,CANDIDATE,CANDIDATE,2.63,1
3062,CANDIDATE,CONFIRMED,2.63,1
3194,CANDIDATE,CONFIRMED,2.63,1
5075,CANDIDATE,CANDIDATE,2.63,1
4745,CANDIDATE,CANDIDATE,2.631,1
189,CANDIDATE,CONFIRMED,2.64,1
239,CANDIDATE,CANDIDATE,2.64,1
2094,CANDIDATE,CANDIDATE,2.64,1
2347,CANDIDATE,CANDIDATE,2.64,1
3020,CANDIDATE,CANDIDATE,2.64,1
3529,CANDIDATE,CANDIDATE,2.64,1
3833,CANDIDATE,CANDIDATE,2.64,1
901,CANDIDATE,CONFIRMED,2.65,1
2644,CANDIDATE,CONFIRMED,2.65,1
2909,CANDIDATE,CONFIRMED,2.65,1
3346,CANDIDATE,CONFIRMED,2.65,1
6516,NOT DISPOSITIONED,NOT DISPOSITIONED,2.65,0
7226,NOT DISPOSITIONED,NOT DISPOSITIONED,2.658,0
535,CANDIDATE,CANDIDATE,2.66,1
645,FALSE POSITIVE,FALSE POSITIVE,2.66,0
1573,CANDIDATE,CONFIRMED,2.66,1
3510,CANDIDATE,CONFIRMED,2.66,1
6011,NOT DISPOSITIONED,NOT DISPOSITIONED,2.66,0
6625,NOT DISPOSITIONED,NOT DISPOSITIONED,2.66,0
6670,FALSE POSITIVE,FALSE POSITIVE,2.66,0
6748,FALSE POSITIVE,FALSE POSITIVE,2.66,0
5448,CANDIDATE,CANDIDATE,2.669,1
257,CANDIDATE,CANDIDATE,2.67,1
1189,CANDIDATE,CONFIRMED,2.67,1
3165,FALSE POSITIVE,FALSE POSITIVE,2.67,0
3822,CANDIDATE,CONFIRMED,2.67,1
4366,CANDIDATE,CANDIDATE,2.67,1
5437,FALSE POSITIVE,FALSE POSITIVE,2.67,0
6556,CANDIDATE,CANDIDATE,2.67,1
5069,CANDIDATE,CANDIDATE,2.676,1
194,FALSE POSITIVE,FALSE POSITIVE,2.68,0
377,CANDIDATE,CANDIDATE,2.68,1
690,CANDIDATE,CANDIDATE,2.68,1
1393,CANDIDATE,CANDIDATE,2.68,1
2396,CANDIDATE,CANDIDATE,2.68,1
3526,CANDIDATE,CANDIDATE,2.68,1
6435,FALSE POSITIVE,FALSE POSITIVE,2.68,0
6584,NOT DISPOSITIONED,NOT DISPOSITIONED,2.68,0
6510,CANDIDATE,CANDIDATE,2.682,1
3227,CANDIDATE,CONFIRMED,2.69,1
6168,FALSE POSITIVE,FALSE POSITIVE,2.69,0
7069,NOT DISPOSITIONED,NOT DISPOSITIONED,2.69,0
5913,FALSE POSITIVE,FALSE POSITIVE,2.695,0
4878,FALSE POSITIVE,FALSE POSITIVE,2.6974,0
26,CANDIDATE,CANDIDATE,2.7,1
108,CANDIDATE,CONFIRMED,2.7,1
259,CANDIDATE,CANDIDATE,2.7,1
285,CANDIDATE,CANDIDATE,2.7,1
569,CANDIDATE,CANDIDATE,2.7,1
570,CANDIDATE,CONFIRMED,2.7,1
841,CANDIDATE,CANDIDATE,2.7,1
957,FALSE POSITIVE,FALSE POSITIVE,2.7,0
1017,FALSE POSITIVE,FALSE POSITIVE,2.7,0
1030,CANDIDATE,CANDIDATE,2.7,1
1041,CANDIDATE,CANDIDATE,2.7,1
1077,CANDIDATE,CANDIDATE,2.7,1
1132,CANDIDATE,CANDIDATE,2.7,1
1250,CANDIDATE,CANDIDATE,2.7,1
1259,CANDIDATE,CANDIDATE,2.7,1
1271,CANDIDATE,CONFIRMED,2.7,1
1403,CANDIDATE,CANDIDATE,2.7,1
1408,CANDIDATE,CONFIRMED,2.7,1
1492,FALSE POSITIVE,FALSE POSITIVE,2.7,0
1512,CANDIDATE,CANDIDATE,2.7,1
1604,CANDIDATE,CONFIRMED,2.7,1
1684,CANDIDATE,CANDIDATE,2.7,1
1689,CANDIDATE,CANDIDATE,2.7,1
1785,CANDIDATE,CANDIDATE,2.7,1
1804,CANDIDATE,CANDIDATE,2.7,1
1999,CANDIDATE,CANDIDATE,2.7,1
2020,CANDIDATE,CANDIDATE,2.7,1
2107,CANDIDATE,CANDIDATE,2.7,1
2152,CANDIDATE,CANDIDATE,2.7,1
2249,CANDIDATE,CANDIDATE,2.7,1
2305,CANDIDATE,CONFIRMED,2.7,1
2397,CANDIDATE,CANDIDATE,2.7,1
2523,CANDIDATE,CANDIDATE,2.7,1
2642,CANDIDATE,CANDIDATE,2.7,1
2736,CANDIDATE,CANDIDATE,2.7,1
2815,CANDIDATE,CANDIDATE,2.7,1
2895,FALSE POSITIVE,FALSE POSITIVE,2.7,0
2915,CANDIDATE,CANDIDATE,2.7,1
3069,CANDIDATE,CONFIRMED,2.7,1
3076,CANDIDATE,CANDIDATE,2.7,1
3086,CANDIDATE,CANDIDATE,2.7,1
3143,CANDIDATE,CANDIDATE,2.7,1
3313,FALSE POSITIVE,FALSE POSITIVE,2.7,0
3350,CANDIDATE,CONFIRMED,2.7,1
3358,CANDIDATE,CANDIDATE,2.7,1
3386,CANDIDATE,CONFIRMED,2.7,1
3409,CANDIDATE,CANDIDATE,2.7,1
3500,FALSE POSITIVE,FALSE POSITIVE,2.7,0
3574,CANDIDATE,CANDIDATE,2.7,1
3624,CANDIDATE,CANDIDATE,2.7,1
3634,CANDIDATE,CONFIRMED,2.7,1
4225,CANDIDATE,CANDIDATE,2.7,1
4371,FALSE POSITIVE,FALSE POSITIVE,2.7,0
4987,CANDIDATE,CANDIDATE,2.7,1
5021,FALSE POSITIVE,FALSE POSITIVE,2.7,0
5618,FALSE POSITIVE,FALSE POSITIVE,2.7,0
5639,FALSE POSITIVE,FALSE POSITIVE,2.7,0
5691,FALSE POSITIVE,FALSE POSITIVE,2.7,0
5705,CANDIDATE,CANDIDATE,2.7,1
5710,FALSE POSITIVE,FALSE POSITIVE,2.7,0
6323,CANDIDATE,CANDIDATE,2.7,1
6515,CANDIDATE,CANDIDATE,2.7,1
6627,FALSE POSITIVE,FALSE POSITIVE,2.7,0
5859,CANDIDATE,CANDIDATE,2.701,1
4876,CANDIDATE,CANDIDATE,2.706,1
5287,CANDIDATE,CANDIDATE,2.707,1
222,CANDIDATE,CONFIRMED,2.71,1
1636,CANDIDATE,CANDIDATE,2.71,1
2014,CANDIDATE,CANDIDATE,2.71,1
2698,CANDIDATE,CANDIDATE,2.71,1
2712,CANDIDATE,CONFIRMED,2.71,1
3098,CANDIDATE,CONFIRMED,2.71,1
5285,FALSE POSITIVE,FALSE POSITIVE,2.71,0
5429,CANDIDATE,CANDIDATE,2.71,1
6751,NOT DISPOSITIONED,NOT DISPOSITIONED,2.71,0
3232,CANDIDATE,CANDIDATE,2.72,1
3858,FALSE POSITIVE,FALSE POSITIVE,2.72,0
5115,CANDIDATE,CANDIDATE,2.72,1
6783,NOT DISPOSITIONED,NOT DISPOSITIONED,2.72,0
7112,NOT DISPOSITIONED,NOT DISPOSITIONED,2.726,0
2587,CANDIDATE,CANDIDATE,2.73,1
2654,CANDIDATE,CANDIDATE,2.73,1
2938,CANDIDATE,CONFIRMED,2.73,1
3081,CANDIDATE,CANDIDATE,2.73,1
3802,CANDIDATE,CONFIRMED,2.73,1
6647,FALSE POSITIVE,FALSE POSITIVE,2.73,0
5463,FALSE POSITIVE,FALSE POSITIVE,2.738,0
6677,NOT DISPOSITIONED,NOT DISPOSITIONED,2.738,0
886,CANDIDATE,CONFIRMED,2.74,1
1545,CANDIDATE,CANDIDATE,2.74,1
6231,CANDIDATE,CANDIDATE,2.74,1
6686,NOT DISPOSITIONED,NOT DISPOSITIONED,2.74,0
69,CANDIDATE,CANDIDATE,2.75,1
307,CANDIDATE,CANDIDATE,2.75,1
2920,CANDIDATE,CANDIDATE,2.75,1
6228,FALSE POSITIVE,FALSE POSITIVE,2.75,0
6429,FALSE POSITIVE,FALSE POSITIVE,2.75,0
6566,CANDIDATE,CANDIDATE,2.75,1
6801,CANDIDATE,CANDIDATE,2.75,1
5208,FALSE POSITIVE,FALSE POSITIVE,2.758,0
3749,FALSE POSITIVE,FALSE POSITIVE,2.76,0
3832,CANDIDATE,CANDIDATE,2.76,1
4072,CANDIDATE,CANDIDATE,2.76,1
4448,FALSE POSITIVE,FALSE POSITIVE,2.76,0
5385,FALSE POSITIVE,FALSE POSITIVE,2.76,0
5423,FALSE POSITIVE,FALSE POSITIVE,2.76,0
5451,CANDIDATE,CANDIDATE,2.76,1
6753,FALSE POSITIVE,FALSE POSITIVE,2.76,0
6778,CANDIDATE,CANDIDATE,2.76,1
5812,NOT DISPOSITIONED,NOT DISPOSITIONED,2.765,0
6893,NOT DISPOSITIONED,NOT DISPOSITIONED,2.769,0
121,CANDIDATE,CANDIDATE,2.77,1
1020,CANDIDATE,CONFIRMED,2.77,1
1821,CANDIDATE,CANDIDATE,2.77,1
3263,CANDIDATE,CONFIRMED,2.77,1
6114,FALSE POSITIVE,FALSE POSITIVE,2.77,0
588,CANDIDATE,CANDIDATE,2.773,1
157,CANDIDATE,CONFIRMED,2.78,1
4782,CANDIDATE,CANDIDATE,2.78,1
4934,CANDIDATE,CANDIDATE,2.78,1
6321,NOT DISPOSITIONED,NOT DISPOSITIONED,2.78,0
6220,CANDIDATE,CANDIDATE,2.785,1
4456,FALSE POSITIVE,FALSE POSITIVE,2.78648,0
2729,CANDIDATE,CONFIRMED,2.79,1
6206,CANDIDATE,CANDIDATE,2.79,1
7029,NOT DISPOSITIONED,NOT DISPOSITIONED,2.79,0
6518,FALSE POSITIVE,FALSE POSITIVE,2.796,0
161,FALSE POSITIVE,FALSE POSITIVE,2.8,0
252,CANDIDATE,CANDIDATE,2.8,1
279,CANDIDATE,CONFIRMED,2.8,1
289,FALSE POSITIVE,FALSE POSITIVE,2.8,0
319,CANDIDATE,CANDIDATE,2.8,1
370,CANDIDATE,CANDIDATE,2.8,1
390,CANDIDATE,CONFIRMED,2.8,1
399,FALSE POSITIVE,FALSE POSITIVE,2.8,0
449,CANDIDATE,CANDIDATE,2.8,1
523,CANDIDATE,CANDIDATE,2.8,1
634,FALSE POSITIVE,FALSE POSITIVE,2.8,0
908,CANDIDATE,CANDIDATE,2.8,1
909,CANDIDATE,CANDIDATE,2.8,1
1004,CANDIDATE,CONFIRMED,2.8,1
1088,CANDIDATE,CONFIRMED,2.8,1
1097,CANDIDATE,CANDIDATE,2.8,1
1143,CANDIDATE,CANDIDATE,2.8,1
1166,CANDIDATE,CANDIDATE,2.8,1
1267,CANDIDATE,CONFIRMED,2.8,1
1365,CANDIDATE,CANDIDATE,2.8,1
1386,CANDIDATE,CANDIDATE,2.8,1
1419,FALSE POSITIVE,FALSE POSITIVE,2.8,0
1422,CANDIDATE,CONFIRMED,2.8,1
1529,CANDIDATE,CONFIRMED,2.8,1
1562,CANDIDATE,CONFIRMED,2.8,1
1587,CANDIDATE,CONFIRMED,2.8,1
1704,CANDIDATE,CANDIDATE,2.8,1
1735,CANDIDATE,CANDIDATE,2.8,1
1932,CANDIDATE,CANDIDATE,2.8,1
1965,CANDIDATE,CANDIDATE,2.8,1
2052,CANDIDATE,CANDIDATE,2.8,1
2082,CANDIDATE,CONFIRMED,2.8,1
2087,CANDIDATE,CONFIRMED,2.8,1
2259,FALSE POSITIVE,FALSE POSITIVE,2.8,0
2306,CANDIDATE,CONFIRMED,2.8,1
2352,CANDIDATE,CANDIDATE,2.8,1
2375,CANDIDATE,CONFIRMED,2.8,1
2378,CANDIDATE,CANDIDATE,2.8,1
2383,CANDIDATE,CANDIDATE,2.8,1
2441,CANDIDATE,CONFIRMED,2.8,1
2454,CANDIDATE,CANDIDATE,2.8,1
2462,CANDIDATE,CANDIDATE,2.8,1
2503,CANDIDATE,CONFIRMED,2.8,1
2602,CANDIDATE,CANDIDATE,2.8,1
3063,CANDIDATE,CONFIRMED,2.8,1
3133,CANDIDATE,CONFIRMED,2.8,1
3144,CANDIDATE,CANDIDATE,2.8,1
3245,CANDIDATE,CONFIRMED,2.8,1
3251,CANDIDATE,CONFIRMED,2.8,1
3565,CANDIDATE,CONFIRMED,2.8,1
3582,CANDIDATE,CONFIRMED,2.8,1
3588,CANDIDATE,CANDIDATE,2.8,1
3628,FALSE POSITIVE,FALSE POSITIVE,2.8,0
3642,CANDIDATE,CANDIDATE,2.8,1
3672,CANDIDATE,CONFIRMED,2.8,1
3737,FALSE POSITIVE,FALSE POSITIVE,2.8,0
3764,CANDIDATE,CANDIDATE,2.8,1
3778,CANDIDATE,CANDIDATE,2.8,1
3794,CANDIDATE,CANDIDATE,2.8,1
3949,FALSE POSITIVE,FALSE POSITIVE,2.8,0
4139,FALSE POSITIVE,FALSE POSITIVE,2.8,0
4162,FALSE POSITIVE,FALSE POSITIVE,2.8,0
4245,FALSE POSITIVE,FALSE POSITIVE,2.8,0
4400,FALSE POSITIVE,FALSE POSITIVE,2.8,0
5661,CANDIDATE,CANDIDATE,2.8,1
5676,CANDIDATE,CANDIDATE,2.8,1
5780,FALSE POSITIVE,FALSE POSITIVE,2.8,0
5817,NOT DISPOSITIONED,NOT DISPOSITIONED,2.8,0
6182,CANDIDATE,CANDIDATE,2.8,1
6200,FALSE POSITIVE,FALSE POSITIVE,2.8,0
5428,CANDIDATE,CANDIDATE,2.804,1
682,CANDIDATE,CONFIRMED,2.81,1
1497,CANDIDATE,CONFIRMED,2.81,1
2534,CANDIDATE,CANDIDATE,2.81,1
3155,CANDIDATE,CONFIRMED,2.81,1
3829,CANDIDATE,CONFIRMED,2.81,1
4092,CANDIDATE,CONFIRMED,2.81,1
2170,CANDIDATE,CONFIRMED,2.82,1
3181,CANDIDATE,CONFIRMED,2.82,1
3784,CANDIDATE,CONFIRMED,2.82,1
6486,FALSE POSITIVE,FALSE POSITIVE,2.82,0
5301,FALSE POSITIVE,FALSE POSITIVE,2.824,0
6763,NOT DISPOSITIONED,NOT DISPOSITIONED,2.829,0
17,FALSE POSITIVE,FALSE POSITIVE,2.83,0
220,CANDIDATE,CONFIRMED,2.83,1
1343,CANDIDATE,CANDIDATE,2.83,1
3811,CANDIDATE,CANDIDATE,2.83,1
6478,CANDIDATE,CANDIDATE,2.83,1
5865,NOT DISPOSITIONED,NOT DISPOSITIONED,2.832,0
1527,CANDIDATE,CONFIRMED,2.84,1
2388,CANDIDATE,CONFIRMED,2.84,1
3570,CANDIDATE,CONFIRMED,2.84,1
3712,CANDIDATE,CONFIRMED,2.84,1
6642,FALSE POSITIVE,FALSE POSITIVE,2.84,0
7048,NOT DISPOSITIONED,NOT DISPOSITIONED,2.84,0
822,CANDIDATE,CONFIRMED,2.85,1
852,CANDIDATE,CANDIDATE,2.85,1
1551,CANDIDATE,CANDIDATE,2.85,1
1782,CANDIDATE,CANDIDATE,2.85,1
4759,CANDIDATE,CANDIDATE,2.85,1
5838,FALSE POSITIVE,FALSE POSITIVE,2.85,0
5916,NOT DISPOSITIONED,NOT DISPOSITIONED,2.85,0
6065,NOT DISPOSITIONED,NOT DISPOSITIONED,2.85,0
6247,CANDIDATE,CANDIDATE,2.85,1
6552,NOT DISPOSITIONED,NOT DISPOSITIONED,2.85,0
6654,CANDIDATE,CANDIDATE,2.85,1
6607,CANDIDATE,CANDIDATE,2.852,1
5114,CANDIDATE,CANDIDATE,2.858,1
3717,CANDIDATE,CANDIDATE,2.86,1
5762,FALSE POSITIVE,FALSE POSITIVE,2.86,0
6921,CANDIDATE,CANDIDATE,2.86,1
1220,CANDIDATE,CONFIRMED,2.87,1
2237,CANDIDATE,CANDIDATE,2.87,1
3777,CANDIDATE,CANDIDATE,2.87,1
6144,FALSE POSITIVE,FALSE POSITIVE,2.87,0
6334,CANDIDATE,CANDIDATE,2.87,1
6904,NOT DISPOSITIONED,NOT DISPOSITIONED,2.87,0
5283,CANDIDATE,CANDIDATE,2.879,1
937,CANDIDATE,CONFIRMED,2.88,1
1320,CANDIDATE,CANDIDATE,2.88,1
1499,CANDIDATE,CANDIDATE,2.88,1
4820,FALSE POSITIVE,FALSE POSITIVE,2.88,0
5370,CANDIDATE,CANDIDATE,2.88,1
5820,FALSE POSITIVE,FALSE POSITIVE,2.88,0
1176,CANDIDATE,CONFIRMED,2.89,1
1574,CANDIDATE,CONFIRMED,2.89,1
2498,CANDIDATE,CONFIRMED,2.89,1
2892,CANDIDATE,CONFIRMED,2.89,1
4086,CANDIDATE,CANDIDATE,2.89481,1
7097,NOT DISPOSITIONED,NOT DISPOSITIONED,2.899,0
24,CANDIDATE,CANDIDATE,2.9,1
86,FALSE POSITIVE,FALSE POSITIVE,2.9,0
296,CANDIDATE,CONFIRMED,2.9,1
428,FALSE POSITIVE,FALSE POSITIVE,2.9,0
561,FALSE POSITIVE,FALSE POSITIVE,2.9,0
613,CANDIDATE,CANDIDATE,2.9,1
943,FALSE POSITIVE,FALSE POSITIVE,2.9,0
971,CANDIDATE,CANDIDATE,2.9,1
994,CANDIDATE,CANDIDATE,2.9,1
1002,CANDIDATE,CONFIRMED,2.9,1
1089,FALSE POSITIVE,FALSE POSITIVE,2.9,0
1125,CANDIDATE,CONFIRMED,2.9,1
1188,FALSE POSITIVE,FALSE POSITIVE,2.9,0
1215,CANDIDATE,CANDIDATE,2.9,1
1238,CANDIDATE,CONFIRMED,2.9,1
1340,FALSE POSITIVE,FALSE POSITIVE,2.9,0
1363,CANDIDATE,CONFIRMED,2.9,1
1585,CANDIDATE,CONFIRMED,2.9,1
1617,CANDIDATE,CANDIDATE,2.9,1
1726,CANDIDATE,CANDIDATE,2.9,1
1732,CANDIDATE,CANDIDATE,2.9,1
1800,CANDIDATE,CANDIDATE,2.9,1
1871,CANDIDATE,CANDIDATE,2.9,1
1923,CANDIDATE,CANDIDATE,2.9,1
1980,FALSE POSITIVE,FALSE POSITIVE,2.9,0
2429,CANDIDATE,CANDIDATE,2.9,1
2499,CANDIDATE,CANDIDATE,2.9,1
2546,CANDIDATE,CANDIDATE,2.9,1
2661,CANDIDATE,CANDIDATE,2.9,1
2669,CANDIDATE,CANDIDATE,2.9,1
2755,CANDIDATE,CANDIDATE,2.9,1
2764,CANDIDATE,CANDIDATE,2.9,1
2856,CANDIDATE,CANDIDATE,2.9,1
2871,FALSE POSITIVE,FALSE POSITIVE,2.9,0
2899,CANDIDATE,CANDIDATE,2.9,1
2989,CANDIDATE,CANDIDATE,2.9,1
3025,CANDIDATE,CANDIDATE,2.9,1
3093,CANDIDATE,CANDIDATE,2.9,1
3094,CANDIDATE,CANDIDATE,2.9,1
3262,CANDIDATE,CONFIRMED,2.9,1
3354,CANDIDATE,CONFIRMED,2.9,1
3360,CANDIDATE,CONFIRMED,2.9,1
3370,CANDIDATE,CANDIDATE,2.9,1
3398,FALSE POSITIVE,FALSE POSITIVE,2.9,0
3416,CANDIDATE,CANDIDATE,2.9,1
3518,CANDIDATE,CONFIRMED,2.9,1
3580,CANDIDATE,CONFIRMED,2.9,1
3611,CANDIDATE,CONFIRMED,2.9,1
3683,CANDIDATE,CANDIDATE,2.9,1
3813,FALSE POSITIVE,FALSE POSITIVE,2.9,0
4216,FALSE POSITIVE,FALSE POSITIVE,2.9,0
4302,FALSE POSITIVE,FALSE POSITIVE,2.9,0
4412,FALSE POSITIVE,FALSE POSITIVE,2.9,0
4781,CANDIDATE,CANDIDATE,2.9,1
5528,CANDIDATE,CANDIDATE,2.9,1
5757,CANDIDATE,CANDIDATE,2.9,1
5785,FALSE POSITIVE,FALSE POSITIVE,2.9,0
6561,CANDIDATE,CANDIDATE,2.9,1
6653,CANDIDATE,CANDIDATE,2.9,1
6938,NOT DISPOSITIONED,NOT DISPOSITIONED,2.9,0
4382,FALSE POSITIVE,FALSE POSITIVE,2.902,0
4751,CANDIDATE,CANDIDATE,2.91,1
5402,CANDIDATE,CANDIDATE,2.91,1
6736,NOT DISPOSITIONED,NOT DISPOSITIONED,2.911,0
5047,CANDIDATE,CANDIDATE,2.912,1
294,CANDIDATE,CANDIDATE,2.92,1
600,CANDIDATE,CONFIRMED,2.92,1
2302,CANDIDATE,CANDIDATE,2.92,1
2445,CANDIDATE,CONFIRMED,2.92,1
4096,FALSE POSITIVE,FALSE POSITIVE,2.92,0
6226,CANDIDATE,CANDIDATE,2.92,1
6833,NOT DISPOSITIONED,NOT DISPOSITIONED,2.92,0
468,CANDIDATE,CONFIRMED,2.93,1
372,FALSE POSITIVE,FALSE POSITIVE,2.93273,0
5279,FALSE POSITIVE,FALSE POSITIVE,2.938,0
536,CANDIDATE,CANDIDATE,2.939,1
459,CANDIDATE,CANDIDATE,2.94,1
608,CANDIDATE,CONFIRMED,2.94,1
1584,CANDIDATE,CONFIRMED,2.94,1
1765,CANDIDATE,CONFIRMED,2.94,1
1797,CANDIDATE,CONFIRMED,2.94,1
2608,CANDIDATE,CANDIDATE,2.94,1
3235,CANDIDATE,CANDIDATE,2.94,1
3687,CANDIDATE,CANDIDATE,2.94,1
3781,CANDIDATE,CONFIRMED,2.94,1
6675,FALSE POSITIVE,FALSE POSITIVE,2.94,0
2355,CANDIDATE,CONFIRMED,2.95,1
3149,CANDIDATE,CANDIDATE,2.95,1
4944,CANDIDATE,CANDIDATE,2.95,1
6176,NOT DISPOSITIONED,NOT DISPOSITIONED,2.95,0
6724,NOT DISPOSITIONED,NOT DISPOSITIONED,2.95,0
7053,NOT DISPOSITIONED,NOT DISPOSITIONED,2.953,0
2405,CANDIDATE,CANDIDATE,2.96,1
2860,CANDIDATE,CONFIRMED,2.96,1
3828,CANDIDATE,CONFIRMED,2.96,1
5952,CANDIDATE,CANDIDATE,2.96,1
433,CANDIDATE,CANDIDATE,2.97,1
3225,CANDIDATE,CANDIDATE,2.97,1
6066,NOT DISPOSITIONED,NOT DISPOSITIONED,2.97,0
6497,NOT DISPOSITIONED,NOT DISPOSITIONED,2.97,0
6742,FALSE POSITIVE,FALSE POSITIVE,2.97,0
7276,NOT DISPOSITIONED,NOT DISPOSITIONED,2.972,0
6480,CANDIDATE,CANDIDATE,2.974,1
1840,CANDIDATE,CONFIRMED,2.98,1
2105,FALSE POSITIVE,FALSE POSITIVE,2.98,0
3014,FALSE POSITIVE,FALSE POSITIVE,2.98,0
6877,NOT DISPOSITIONED,NOT DISPOSITIONED,2.982,0
4960,CANDIDATE,CANDIDATE,2.985,1
365,CANDIDATE,CANDIDATE,2.99,1
3363,FALSE POSITIVE,FALSE POSITIVE,2.99,0
4958,CANDIDATE,CANDIDATE,2.99,1
6285,NOT DISPOSITIONED,NOT DISPOSITIONED,2.99,0
5236,FALSE POSITIVE,FALSE POSITIVE,2.9915,0
147,CANDIDATE,CANDIDATE,3,1
316,FALSE POSITIVE,FALSE POSITIVE,3,0
392,CANDIDATE,CANDIDATE,3,1
638,CANDIDATE,CANDIDATE,3,1
647,CANDIDATE,CANDIDATE,3,1
787,FALSE POSITIVE,FALSE POSITIVE,3,0
945,CANDIDATE,CANDIDATE,3,1
1059,CANDIDATE,CONFIRMED,3,1
1168,FALSE POSITIVE,FALSE POSITIVE,3,0
1171,FALSE POSITIVE,FALSE POSITIVE,3,0
1231,CANDIDATE,CANDIDATE,3,1
1296,CANDIDATE,CANDIDATE,3,1
1407,CANDIDATE,CONFIRMED,3,1
1518,CANDIDATE,CANDIDATE,3,1
1596,CANDIDATE,CONFIRMED,3,1
1809,CANDIDATE,CANDIDATE,3,1
1864,CANDIDATE,CONFIRMED,3,1
1944,CANDIDATE,CANDIDATE,3,1
1964,CANDIDATE,CANDIDATE,3,1
2112,CANDIDATE,CANDIDATE,3,1
2153,CANDIDATE,CANDIDATE,3,1
2197,CANDIDATE,CANDIDATE,3,1
2361,CANDIDATE,CANDIDATE,3,1
2389,CANDIDATE,CANDIDATE,3,1
2439,CANDIDATE,CONFIRMED,3,1
2730,CANDIDATE,CANDIDATE,3,1
2767,CANDIDATE,CANDIDATE,3,1
2817,CANDIDATE,CANDIDATE,3,1
2845,CANDIDATE,CANDIDATE,3,1
2862,CANDIDATE,CANDIDATE,3,1
2917,CANDIDATE,CANDIDATE,3,1
2964,FALSE POSITIVE,FALSE POSITIVE,3,0
3105,CANDIDATE,CANDIDATE,3,1
3128,CANDIDATE,CANDIDATE,3,1
3239,FALSE POSITIVE,FALSE POSITIVE,3,0
3250,CANDIDATE,CONFIRMED,3,1
3372,FALSE POSITIVE,FALSE POSITIVE,3,0
3402,FALSE POSITIVE,FALSE POSITIVE,3,0
3408,CANDIDATE,CANDIDATE,3,1
3418,CANDIDATE,CANDIDATE,3,1
3471,CANDIDATE,CONFIRMED,3,1
3571,CANDIDATE,CONFIRMED,3,1
3814,CANDIDATE,CANDIDATE,3,1
3834,CANDIDATE,CONFIRMED,3,1
3844,CANDIDATE,CONFIRMED,3,1
3872,FALSE POSITIVE,FALSE POSITIVE,3,0
3911,CANDIDATE,CANDIDATE,3,1
3918,FALSE POSITIVE,FALSE POSITIVE,3,0
3948,FALSE POSITIVE,FALSE POSITIVE,3,0
5561,FALSE POSITIVE,FALSE POSITIVE,3,0
5619,FALSE POSITIVE,FALSE POSITIVE,3,0
5638,FALSE POSITIVE,FALSE POSITIVE,3,0
6296,CANDIDATE,CANDIDATE,3,1
6655,CANDIDATE,CANDIDATE,3,1
334,CANDIDATE,CONFIRMED,3.01,1
512,CANDIDATE,CANDIDATE,3.01,1
633,CANDIDATE,CANDIDATE,3.01,1
1167,CANDIDATE,CANDIDATE,3.01,1
3448,CANDIDATE,CANDIDATE,3.01,1
4105,CANDIDATE,CANDIDATE,3.01,1
6277,NOT DISPOSITIONED,NOT DISPOSITIONED,3.01,0
6680,NOT DISPOSITIONED,NOT DISPOSITIONED,3.01,0
6735,FALSE POSITIVE,FALSE POSITIVE,3.01,0
9,FALSE POSITIVE,FALSE POSITIVE,3.02,0
2716,CANDIDATE,CANDIDATE,3.02,1
5396,CANDIDATE,CANDIDATE,3.02,1
5502,FALSE POSITIVE,FALSE POSITIVE,3.02,0
6028,NOT DISPOSITIONED,NOT DISPOSITIONED,3.02,0
4744,FALSE POSITIVE,FALSE POSITIVE,3.024,0
992,CANDIDATE,CANDIDATE,3.03,1
5175,FALSE POSITIVE,FALSE POSITIVE,3.03,0
6262,NOT DISPOSITIONED,NOT DISPOSITIONED,3.03,0
6298,CANDIDATE,CANDIDATE,3.03,1
6300,CANDIDATE,CANDIDATE,3.03,1
6313,CANDIDATE,CANDIDATE,3.03,1
6385,NOT DISPOSITIONED,NOT DISPOSITIONED,3.03,0
6994,NOT DISPOSITIONED,NOT DISPOSITIONED,3.035,0
2,FALSE POSITIVE,FALSE POSITIVE,3.039,0
4945,FALSE POSITIVE,FALSE POSITIVE,3.04,0
5368,FALSE POSITIVE,FALSE POSITIVE,3.04,0
6970,NOT DISPOSITIONED,NOT DISPOSITIONED,3.04,0
5328,CANDIDATE,CANDIDATE,3.044,1
1939,CANDIDATE,CANDIDATE,3.05,1
3389,CANDIDATE,CANDIDATE,3.05,1
3830,CANDIDATE,CONFIRMED,3.05,1
4414,FALSE POSITIVE,FALSE POSITIVE,3.05,0
5315,FALSE POSITIVE,FALSE POSITIVE,3.05,0
5980,FALSE POSITIVE,FALSE POSITIVE,3.05,0
6051,FALSE POSITIVE,FALSE POSITIVE,3.05,0
6363,FALSE POSITIVE,FALSE POSITIVE,3.05,0
6433,NOT DISPOSITIONED,NOT DISPOSITIONED,3.05,0
6534,NOT DISPOSITIONED,NOT DISPOSITIONED,3.05,0
5085,FALSE POSITIVE,FALSE POSITIVE,3.052,0
5400,FALSE POSITIVE,FALSE POSITIVE,3.052,0
1642,FALSE POSITIVE,FALSE POSITIVE,3.06,0
3688,CANDIDATE,CANDIDATE,3.06,1
4700,CANDIDATE,CANDIDATE,3.06,1
5964,NOT DISPOSITIONED,NOT DISPOSITIONED,3.06,0
6221,FALSE POSITIVE,FALSE POSITIVE,3.06,0
6617,NOT DISPOSITIONED,NOT DISPOSITIONED,3.06,0
5839,NOT DISPOSITIONED,NOT DISPOSITIONED,3.063,0
126,FALSE POSITIVE,FALSE POSITIVE,3.07,0
1442,FALSE POSITIVE,FALSE POSITIVE,3.07,0
2417,CANDIDATE,CANDIDATE,3.07,1
3821,CANDIDATE,CONFIRMED,3.07,1
6549,NOT DISPOSITIONED,NOT DISPOSITIONED,3.07,0
667,FALSE POSITIVE,FALSE POSITIVE,3.08,0
1218,CANDIDATE,CONFIRMED,3.08,1
1374,CANDIDATE,CONFIRMED,3.08,1
1754,CANDIDATE,CONFIRMED,3.08,1
2766,CANDIDATE,CANDIDATE,3.08,1
6960,NOT DISPOSITIONED,NOT DISPOSITIONED,3.08,0
6509,CANDIDATE,CANDIDATE,3.086,1
4718,CANDIDATE,CANDIDATE,3.088,1
640,CANDIDATE,CONFIRMED,3.09,1
6018,CANDIDATE,CANDIDATE,3.09,1
6186,NOT DISPOSITIONED,NOT DISPOSITIONED,3.092,0
5427,CANDIDATE,CANDIDATE,3.095,1
109,CANDIDATE,CONFIRMED,3.1,1
187,CANDIDATE,CANDIDATE,3.1,1
203,FALSE POSITIVE,FALSE POSITIVE,3.1,0
249,CANDIDATE,CONFIRMED,3.1,1
478,CANDIDATE,CONFIRMED,3.1,1
674,CANDIDATE,CONFIRMED,3.1,1
938,CANDIDATE,CONFIRMED,3.1,1
972,CANDIDATE,CANDIDATE,3.1,1
1087,CANDIDATE,CONFIRMED,3.1,1
1126,CANDIDATE,CONFIRMED,3.1,1
1165,CANDIDATE,CANDIDATE,3.1,1
1301,CANDIDATE,CANDIDATE,3.1,1
1303,CANDIDATE,CONFIRMED,3.1,1
1364,CANDIDATE,CONFIRMED,3.1,1
1368,FALSE POSITIVE,FALSE POSITIVE,3.1,0
1487,CANDIDATE,CONFIRMED,3.1,1
1508,FALSE POSITIVE,FALSE POSITIVE,3.1,0
1524,CANDIDATE,CONFIRMED,3.1,1
1568,FALSE POSITIVE,FALSE POSITIVE,3.1,0
1865,CANDIDATE,CONFIRMED,3.1,1
1877,CANDIDATE,CANDIDATE,3.1,1
1929,CANDIDATE,CONFIRMED,3.1,1
2081,CANDIDATE,CONFIRMED,3.1,1
2093,CANDIDATE,CANDIDATE,3.1,1
2121,CANDIDATE,CANDIDATE,3.1,1
2418,FALSE POSITIVE,FALSE POSITIVE,3.1,0
2579,CANDIDATE,CANDIDATE,3.1,1
2841,FALSE POSITIVE,FALSE POSITIVE,3.1,0
3012,CANDIDATE,CANDIDATE,3.1,1
3074,FALSE POSITIVE,FALSE POSITIVE,3.1,0
3202,CANDIDATE,CANDIDATE,3.1,1
3203,CANDIDATE,CANDIDATE,3.1,1
3210,CANDIDATE,CANDIDATE,3.1,1
3446,CANDIDATE,CONFIRMED,3.1,1
3461,CANDIDATE,CONFIRMED,3.1,1
3549,CANDIDATE,CANDIDATE,3.1,1
3770,CANDIDATE,CANDIDATE,3.1,1
3841,FALSE POSITIVE,FALSE POSITIVE,3.1,0
5403,FALSE POSITIVE,FALSE POSITIVE,3.1,0
5552,CANDIDATE,CANDIDATE,3.1,1
5628,FALSE POSITIVE,FALSE POSITIVE,3.1,0
5689,FALSE POSITIVE,FALSE POSITIVE,3.1,0
6817,FALSE POSITIVE,FALSE POSITIVE,3.1,0
5210,FALSE POSITIVE,FALSE POSITIVE,3.102,0
5061,FALSE POSITIVE,FALSE POSITIVE,3.11,0
5970,FALSE POSITIVE,FALSE POSITIVE,3.11,0
6660,CANDIDATE,CANDIDATE,3.11,1
4764,CANDIDATE,CANDIDATE,3.113,1
6925,NOT DISPOSITIONED,NOT DISPOSITIONED,3.117,0
1680,CANDIDATE,CANDIDATE,3.12,1
2933,CANDIDATE,CANDIDATE,3.12,1
2999,CANDIDATE,CANDIDATE,3.12,1
4780,CANDIDATE,CANDIDATE,3.129,1
5441,CANDIDATE,CANDIDATE,3.13,1
2521,CANDIDATE,CANDIDATE,3.14,1
6525,CANDIDATE,CANDIDATE,3.14,1
5152,FALSE POSITIVE,FALSE POSITIVE,3.147,0
1197,CANDIDATE,CONFIRMED,3.15,1
3050,CANDIDATE,CANDIDATE,3.15,1
6608,NOT DISPOSITIONED,NOT DISPOSITIONED,3.15,0
6712,NOT DISPOSITIONED,NOT DISPOSITIONED,3.15,0
7196,NOT DISPOSITIONED,NOT DISPOSITIONED,3.15,0
1985,CANDIDATE,CANDIDATE,3.16,1
4708,CANDIDATE,CANDIDATE,3.16,1
5730,FALSE POSITIVE,FALSE POSITIVE,3.16,0
1366,CANDIDATE,CANDIDATE,3.17,1
3509,CANDIDATE,CONFIRMED,3.17,1
6975,NOT DISPOSITIONED,NOT DISPOSITIONED,3.17,0
7241,NOT DISPOSITIONED,NOT DISPOSITIONED,3.18,0
5398,FALSE POSITIVE,FALSE POSITIVE,3.1821,0
38,FALSE POSITIVE,FALSE POSITIVE,3.18483,0
1372,CANDIDATE,CONFIRMED,3.19,1
1500,CANDIDATE,CANDIDATE,3.19,1
3809,CANDIDATE,CONFIRMED,3.19,1
5815,FALSE POSITIVE,FALSE POSITIVE,3.19,0
5935,NOT DISPOSITIONED,NOT DISPOSITIONED,3.19,0
6222,NOT DISPOSITIONED,NOT DISPOSITIONED,3.19,0
6155,FALSE POSITIVE,FALSE POSITIVE,3.191,0
6371,FALSE POSITIVE,FALSE POSITIVE,3.191,0
240,CANDIDATE,CANDIDATE,3.2,1
300,CANDIDATE,CANDIDATE,3.2,1
417,CANDIDATE,CONFIRMED,3.2,1
687,CANDIDATE,CONFIRMED,3.2,1
864,CANDIDATE,CANDIDATE,3.2,1
877,CANDIDATE,CANDIDATE,3.2,1
948,CANDIDATE,CONFIRMED,3.2,1
1032,CANDIDATE,CANDIDATE,3.2,1
1118,CANDIDATE,CANDIDATE,3.2,1
1232,CANDIDATE,CANDIDATE,3.2,1
1381,CANDIDATE,CANDIDATE,3.2,1
1468,CANDIDATE,CONFIRMED,3.2,1
1534,FALSE POSITIVE,FALSE POSITIVE,3.2,0
1558,CANDIDATE,CONFIRMED,3.2,1
1561,CANDIDATE,CONFIRMED,3.2,1
1602,CANDIDATE,CANDIDATE,3.2,1
2122,CANDIDATE,CANDIDATE,3.2,1
2620,CANDIDATE,CANDIDATE,3.2,1
2656,CANDIDATE,CANDIDATE,3.2,1
2820,CANDIDATE,CANDIDATE,3.2,1
3009,CANDIDATE,CANDIDATE,3.2,1
3299,FALSE POSITIVE,FALSE POSITIVE,3.2,0
3636,CANDIDATE,CONFIRMED,3.2,1
3670,CANDIDATE,CONFIRMED,3.2,1
3803,FALSE POSITIVE,FALSE POSITIVE,3.2,0
4244,FALSE POSITIVE,FALSE POSITIVE,3.2,0
4309,FALSE POSITIVE,FALSE POSITIVE,3.2,0
5268,FALSE POSITIVE,FALSE POSITIVE,3.2,0
6734,CANDIDATE,CANDIDATE,3.2,1
5422,FALSE POSITIVE,FALSE POSITIVE,3.2094,0
7075,NOT DISPOSITIONED,NOT DISPOSITIONED,3.21,0
4951,CANDIDATE,CANDIDATE,3.216,1
218,CANDIDATE,CONFIRMED,3.22,1
3474,CANDIDATE,CANDIDATE,3.22,1
5860,CANDIDATE,CANDIDATE,3.22,1
6042,FALSE POSITIVE,FALSE POSITIVE,3.22,0
6941,NOT DISPOSITIONED,NOT DISPOSITIONED,3.229,0
2368,CANDIDATE,CONFIRMED,3.23,1
5929,NOT DISPOSITIONED,NOT DISPOSITIONED,3.23,0
6808,CANDIDATE,CANDIDATE,3.23,1
1435,CANDIDATE,CANDIDATE,3.24,1
3166,CANDIDATE,CANDIDATE,3.24,1
6754,CANDIDATE,CANDIDATE,3.24,1
6172,CANDIDATE,CANDIDATE,3.25,1
3771,CANDIDATE,CANDIDATE,3.26,1
5637,FALSE POSITIVE,FALSE POSITIVE,3.26,0
4561,CANDIDATE,CONFIRMED,3.267,1
5455,FALSE POSITIVE,FALSE POSITIVE,3.269,0
229,CANDIDATE,CANDIDATE,3.27173,1
3800,CANDIDATE,CONFIRMED,3.28,1
7127,NOT DISPOSITIONED,NOT DISPOSITIONED,3.282,0
5239,FALSE POSITIVE,FALSE POSITIVE,3.284,0
4899,CANDIDATE,CANDIDATE,3.29,1
5384,FALSE POSITIVE,FALSE POSITIVE,3.2948,0
347,FALSE POSITIVE,FALSE POSITIVE,3.297,0
283,CANDIDATE,CONFIRMED,3.3,1
576,CANDIDATE,CANDIDATE,3.3,1
691,CANDIDATE,CONFIRMED,3.3,1
1169,FALSE POSITIVE,FALSE POSITIVE,3.3,0
1209,FALSE POSITIVE,FALSE POSITIVE,3.3,0
1607,CANDIDATE,CANDIDATE,3.3,1
1609,FALSE POSITIVE,FALSE POSITIVE,3.3,0
1686,CANDIDATE,CANDIDATE,3.3,1
1769,CANDIDATE,CANDIDATE,3.3,1
1789,CANDIDATE,CANDIDATE,3.3,1
2086,CANDIDATE,CONFIRMED,3.3,1
2408,CANDIDATE,CANDIDATE,3.3,1
2549,CANDIDATE,CANDIDATE,3.3,1
2553,FALSE POSITIVE,FALSE POSITIVE,3.3,0
2610,CANDIDATE,CANDIDATE,3.3,1
2823,CANDIDATE,CANDIDATE,3.3,1
2906,CANDIDATE,CONFIRMED,3.3,1
3191,CANDIDATE,CONFIRMED,3.3,1
3240,CANDIDATE,CANDIDATE,3.3,1
3415,CANDIDATE,CANDIDATE,3.3,1
3640,FALSE POSITIVE,FALSE POSITIVE,3.3,0
3750,CANDIDATE,CONFIRMED,3.3,1
3835,CANDIDATE,CONFIRMED,3.3,1
4164,FALSE POSITIVE,FALSE POSITIVE,3.3,0
4697,FALSE POSITIVE,FALSE POSITIVE,3.3,0
5684,FALSE POSITIVE,FALSE POSITIVE,3.3,0
6001,CANDIDATE,CANDIDATE,3.3,1
7033,NOT DISPOSITIONED,NOT DISPOSITIONED,3.308,0
152,CANDIDATE,CANDIDATE,3.31,1
3243,CANDIDATE,CONFIRMED,3.31,1
5977,CANDIDATE,CANDIDATE,3.31,1
3691,CANDIDATE,CANDIDATE,3.32,1
3743,CANDIDATE,CONFIRMED,3.32,1
6032,NOT DISPOSITIONED,NOT DISPOSITIONED,3.33,0
6822,NOT DISPOSITIONED,NOT DISPOSITIONED,3.331,0
2446,CANDIDATE,CONFIRMED,3.35,1
3192,CANDIDATE,CONFIRMED,3.35,1
3747,CANDIDATE,CANDIDATE,3.35,1
5862,NOT DISPOSITIONED,NOT DISPOSITIONED,3.35,0
3857,CANDIDATE,CANDIDATE,3.352,1
6665,NOT DISPOSITIONED,NOT DISPOSITIONED,3.357,0
601,CANDIDATE,CONFIRMED,3.36,1
3736,CANDIDATE,CONFIRMED,3.36,1
4241,CANDIDATE,CANDIDATE,3.36,1
4771,FALSE POSITIVE,FALSE POSITIVE,3.36,0
7270,NOT DISPOSITIONED,NOT DISPOSITIONED,3.361,0
7171,NOT DISPOSITIONED,NOT DISPOSITIONED,3.363,0
5968,FALSE POSITIVE,FALSE POSITIVE,3.37,0
6477,NOT DISPOSITIONED,NOT DISPOSITIONED,3.37,0
6669,NOT DISPOSITIONED,NOT DISPOSITIONED,3.37,0
6723,FALSE POSITIVE,FALSE POSITIVE,3.37,0
317,CANDIDATE,CONFIRMED,3.38,1
1141,CANDIDATE,CONFIRMED,3.38,1
2444,CANDIDATE,CONFIRMED,3.38,1
5876,CANDIDATE,CANDIDATE,3.387,1
6253,NOT DISPOSITIONED,NOT DISPOSITIONED,3.39,0
391,CANDIDATE,CONFIRMED,3.4,1
418,CANDIDATE,CONFIRMED,3.4,1
476,FALSE POSITIVE,FALSE POSITIVE,3.4,0
480,CANDIDATE,CANDIDATE,3.4,1
574,CANDIDATE,CONFIRMED,3.4,1
579,FALSE POSITIVE,FALSE POSITIVE,3.4,0
796,FALSE POSITIVE,FALSE POSITIVE,3.4,0
911,CANDIDATE,CONFIRMED,3.4,1
1112,CANDIDATE,CANDIDATE,3.4,1
1246,CANDIDATE,CONFIRMED,3.4,1
1641,CANDIDATE,CANDIDATE,3.4,1
2163,CANDIDATE,CANDIDATE,3.4,1
2294,CANDIDATE,CANDIDATE,3.4,1
2393,CANDIDATE,CANDIDATE,3.4,1
2406,CANDIDATE,CONFIRMED,3.4,1
2864,CANDIDATE,CANDIDATE,3.4,1
2959,CANDIDATE,CANDIDATE,3.4,1
3008,FALSE POSITIVE,FALSE POSITIVE,3.4,0
3065,CANDIDATE,CANDIDATE,3.4,1
3206,CANDIDATE,CANDIDATE,3.4,1
3267,CANDIDATE,CANDIDATE,3.4,1
3301,CANDIDATE,CANDIDATE,3.4,1
3362,CANDIDATE,CONFIRMED,3.4,1
3405,CANDIDATE,CONFIRMED,3.4,1
3492,CANDIDATE,CANDIDATE,3.4,1
3625,CANDIDATE,CANDIDATE,3.4,1
3716,CANDIDATE,CANDIDATE,3.4,1
4341,FALSE POSITIVE,FALSE POSITIVE,3.4,0
4839,FALSE POSITIVE,FALSE POSITIVE,3.4,0
5632,FALSE POSITIVE,FALSE POSITIVE,3.4,0
5770,FALSE POSITIVE,FALSE POSITIVE,3.4,0
6761,CANDIDATE,CANDIDATE,3.4,1
6425,FALSE POSITIVE,FALSE POSITIVE,3.412,0
5297,FALSE POSITIVE,FALSE POSITIVE,3.413,0
7144,NOT DISPOSITIONED,NOT DISPOSITIONED,3.419,0
6367,NOT DISPOSITIONED,NOT DISPOSITIONED,3.42,0
5461,FALSE POSITIVE,FALSE POSITIVE,3.4218,0
4818,CANDIDATE,CANDIDATE,3.425,1
6116,CANDIDATE,CANDIDATE,3.429,1
5401,CANDIDATE,CANDIDATE,3.43,1
5908,CANDIDATE,CANDIDATE,3.43,1
5387,CANDIDATE,CANDIDATE,3.431,1
2709,FALSE POSITIVE,FALSE POSITIVE,3.44,0
3241,CANDIDATE,CONFIRMED,3.44,1
3705,CANDIDATE,CONFIRMED,3.44,1
463,CANDIDATE,CANDIDATE,3.45,1
4988,FALSE POSITIVE,FALSE POSITIVE,3.45,0
6227,FALSE POSITIVE,FALSE POSITIVE,3.45,0
5020,FALSE POSITIVE,FALSE POSITIVE,3.451,0
1371,CANDIDATE,CONFIRMED,3.46,1
2970,FALSE POSITIVE,FALSE POSITIVE,3.46,0
6073,CANDIDATE,CANDIDATE,3.46,1
6934,NOT DISPOSITIONED,NOT DISPOSITIONED,3.46,0
7155,NOT DISPOSITIONED,NOT DISPOSITIONED,3.46,0
5330,FALSE POSITIVE,FALSE POSITIVE,3.469,0
1148,CANDIDATE,CANDIDATE,3.47,1
6614,FALSE POSITIVE,FALSE POSITIVE,3.47,0
5145,FALSE POSITIVE,FALSE POSITIVE,3.4703,0
4846,FALSE POSITIVE,FALSE POSITIVE,3.4712,0
4957,CANDIDATE,CONFIRMED,3.473,1
5849,NOT DISPOSITIONED,NOT DISPOSITIONED,3.48,0
5351,FALSE POSITIVE,FALSE POSITIVE,3.49,0
6141,FALSE POSITIVE,FALSE POSITIVE,3.495,0
303,CANDIDATE,CANDIDATE,3.5,1
401,CANDIDATE,CANDIDATE,3.5,1
491,CANDIDATE,CONFIRMED,3.5,1
538,CANDIDATE,CANDIDATE,3.5,1
820,CANDIDATE,CANDIDATE,3.5,1
875,CANDIDATE,CANDIDATE,3.5,1
961,CANDIDATE,CANDIDATE,3.5,1
1111,CANDIDATE,CANDIDATE,3.5,1
1245,CANDIDATE,CANDIDATE,3.5,1
1322,CANDIDATE,CONFIRMED,3.5,1
1397,CANDIDATE,CANDIDATE,3.5,1
1486,CANDIDATE,CONFIRMED,3.5,1
1601,FALSE POSITIVE,FALSE POSITIVE,3.5,0
1606,CANDIDATE,CANDIDATE,3.5,1
1728,CANDIDATE,CANDIDATE,3.5,1
1886,CANDIDATE,CANDIDATE,3.5,1
1930,CANDIDATE,CONFIRMED,3.5,1
2210,CANDIDATE,CONFIRMED,3.5,1
2236,CANDIDATE,CANDIDATE,3.5,1
2311,CANDIDATE,CANDIDATE,3.5,1
2366,CANDIDATE,CANDIDATE,3.5,1
2370,CANDIDATE,CANDIDATE,3.5,1
2621,CANDIDATE,CANDIDATE,3.5,1
2827,FALSE POSITIVE,FALSE POSITIVE,3.5,0
3078,FALSE POSITIVE,FALSE POSITIVE,3.5,0
3352,FALSE POSITIVE,FALSE POSITIVE,3.5,0
3563,FALSE POSITIVE,FALSE POSITIVE,3.5,0
3622,CANDIDATE,CANDIDATE,3.5,1
3673,CANDIDATE,CANDIDATE,3.5,1
3724,CANDIDATE,CONFIRMED,3.5,1
4386,CANDIDATE,CANDIDATE,3.5,1
5466,FALSE POSITIVE,FALSE POSITIVE,3.5,0
5533,FALSE POSITIVE,FALSE POSITIVE,3.5,0
5614,CANDIDATE,CANDIDATE,3.5,1
5736,FALSE POSITIVE,FALSE POSITIVE,3.5,0
6399,CANDIDATE,CANDIDATE,3.5,1
6588,NOT DISPOSITIONED,NOT DISPOSITIONED,3.5,0
6909,FALSE POSITIVE,FALSE POSITIVE,3.5,0
3553,CANDIDATE,CONFIRMED,3.51,1
7065,NOT DISPOSITIONED,NOT DISPOSITIONED,3.51,0
3754,CANDIDATE,CONFIRMED,3.52,1
560,FALSE POSITIVE,FALSE POSITIVE,3.53,0
1461,FALSE POSITIVE,FALSE POSITIVE,3.53,0
6269,FALSE POSITIVE,FALSE POSITIVE,3.53,0
6819,NOT DISPOSITIONED,NOT DISPOSITIONED,3.53,0
3170,CANDIDATE,CANDIDATE,3.54,1
6811,CANDIDATE,CANDIDATE,3.541,1
6659,CANDIDATE,CANDIDATE,3.566,1
3259,CANDIDATE,CANDIDATE,3.58,1
7246,NOT DISPOSITIONED,NOT DISPOSITIONED,3.58,0
345,CANDIDATE,CONFIRMED,3.59,1
6071,FALSE POSITIVE,FALSE POSITIVE,3.59,0
342,CANDIDATE,CONFIRMED,3.6,1
442,CANDIDATE,CANDIDATE,3.6,1
469,CANDIDATE,CANDIDATE,3.6,1
527,CANDIDATE,CANDIDATE,3.6,1
768,CANDIDATE,CANDIDATE,3.6,1
1057,CANDIDATE,CANDIDATE,3.6,1
1489,CANDIDATE,CONFIRMED,3.6,1
1510,CANDIDATE,CANDIDATE,3.6,1
1634,FALSE POSITIVE,FALSE POSITIVE,3.6,0
1862,CANDIDATE,CANDIDATE,3.6,1
2125,FALSE POSITIVE,FALSE POSITIVE,3.6,0
2345,CANDIDATE,CANDIDATE,3.6,1
2374,CANDIDATE,CONFIRMED,3.6,1
2386,CANDIDATE,CANDIDATE,3.6,1
2427,CANDIDATE,CANDIDATE,3.6,1
2838,CANDIDATE,CANDIDATE,3.6,1
2901,CANDIDATE,CONFIRMED,3.6,1
3361,CANDIDATE,CONFIRMED,3.6,1
3392,FALSE POSITIVE,FALSE POSITIVE,3.6,0
3677,CANDIDATE,CANDIDATE,3.6,1
4184,FALSE POSITIVE,FALSE POSITIVE,3.6,0
4186,CANDIDATE,CANDIDATE,3.6,1
5603,FALSE POSITIVE,FALSE POSITIVE,3.6,0
5715,FALSE POSITIVE,FALSE POSITIVE,3.6,0
5725,CANDIDATE,CANDIDATE,3.6,1
5732,FALSE POSITIVE,FALSE POSITIVE,3.6,0
6501,FALSE POSITIVE,FALSE POSITIVE,3.6,0
6890,NOT DISPOSITIONED,NOT DISPOSITIONED,3.6,0
2161,CANDIDATE,CONFIRMED,3.62,1
4822,FALSE POSITIVE,FALSE POSITIVE,3.6295,0
2183,CANDIDATE,CANDIDATE,3.63,1
2238,CANDIDATE,CANDIDATE,3.63,1
6551,FALSE POSITIVE,FALSE POSITIVE,3.63,0
6039,NOT DISPOSITIONED,NOT DISPOSITIONED,3.64,0
6950,NOT DISPOSITIONED,NOT DISPOSITIONED,3.64,0
3615,CANDIDATE,CANDIDATE,3.65,1
6099,NOT DISPOSITIONED,NOT DISPOSITIONED,3.65,0
6685,CANDIDATE,CANDIDATE,3.65,1
5359,CANDIDATE,CONFIRMED,3.66,1
6470,FALSE POSITIVE,FALSE POSITIVE,3.66,0
2743,CANDIDATE,CANDIDATE,3.67,1
6441,NOT DISPOSITIONED,NOT DISPOSITIONED,3.686,0
622,CANDIDATE,CONFIRMED,3.69,1
3256,CANDIDATE,CANDIDATE,3.69,1
6998,NOT DISPOSITIONED,NOT DISPOSITIONED,3.697,0
575,FALSE POSITIVE,FALSE POSITIVE,3.7,0
905,CANDIDATE,CANDIDATE,3.7,1
1014,FALSE POSITIVE,FALSE POSITIVE,3.7,0
1354,CANDIDATE,CANDIDATE,3.7,1
1367,FALSE POSITIVE,FALSE POSITIVE,3.7,0
1385,CANDIDATE,CONFIRMED,3.7,1
1599,FALSE POSITIVE,FALSE POSITIVE,3.7,0
2792,CANDIDATE,CANDIDATE,3.7,1
2950,CANDIDATE,CANDIDATE,3.7,1
3351,CANDIDATE,CANDIDATE,3.7,1
3437,CANDIDATE,CANDIDATE,3.7,1
3495,FALSE POSITIVE,FALSE POSITIVE,3.7,0
3517,CANDIDATE,CONFIRMED,3.7,1
4947,CANDIDATE,CANDIDATE,3.7,1
5520,CANDIDATE,CANDIDATE,3.7,1
5524,FALSE POSITIVE,FALSE POSITIVE,3.7,0
5534,FALSE POSITIVE,FALSE POSITIVE,3.7,0
5703,FALSE POSITIVE,FALSE POSITIVE,3.7,0
7199,NOT DISPOSITIONED,NOT DISPOSITIONED,3.71,0
580,FALSE POSITIVE,FALSE POSITIVE,3.717,0
3463,CANDIDATE,CONFIRMED,3.72,1
6539,NOT DISPOSITIONED,NOT DISPOSITIONED,3.7307,0
732,CANDIDATE,CANDIDATE,3.74,1
1577,CANDIDATE,CONFIRMED,3.74,1
5636,CANDIDATE,CANDIDATE,3.74,1
6711,NOT DISPOSITIONED,NOT DISPOSITIONED,3.74,0
7116,NOT DISPOSITIONED,NOT DISPOSITIONED,3.74,0
132,FALSE POSITIVE,FALSE POSITIVE,3.744,0
7035,NOT DISPOSITIONED,NOT DISPOSITIONED,3.74521,0
4595,CANDIDATE,CANDIDATE,3.756,1
2279,CANDIDATE,CANDIDATE,3.76,1
3193,CANDIDATE,CONFIRMED,3.76,1
4407,CANDIDATE,CANDIDATE,3.76,1
2750,CANDIDATE,CANDIDATE,3.77,1
7201,NOT DISPOSITIONED,NOT DISPOSITIONED,3.77,0
281,FALSE POSITIVE,FALSE POSITIVE,3.78,0
860,CANDIDATE,CONFIRMED,3.78,1
175,CANDIDATE,CANDIDATE,3.786,1
2655,CANDIDATE,CANDIDATE,3.79,1
4175,FALSE POSITIVE,FALSE POSITIVE,3.794,0
156,CANDIDATE,CONFIRMED,3.8,1
343,CANDIDATE,CONFIRMED,3.8,1
616,CANDIDATE,CANDIDATE,3.8,1
722,FALSE POSITIVE,FALSE POSITIVE,3.8,0
991,FALSE POSITIVE,FALSE POSITIVE,3.8,0
1106,CANDIDATE,CANDIDATE,3.8,1
1339,CANDIDATE,CONFIRMED,3.8,1
2458,CANDIDATE,CONFIRMED,3.8,1
3084,CANDIDATE,CONFIRMED,3.8,1
3231,CANDIDATE,CANDIDATE,3.8,1
3473,CANDIDATE,CANDIDATE,3.8,1
3723,CANDIDATE,CONFIRMED,3.8,1
4221,FALSE POSITIVE,FALSE POSITIVE,3.8,0
4294,FALSE POSITIVE,FALSE POSITIVE,3.8,0
4484,FALSE POSITIVE,FALSE POSITIVE,3.8,0
5541,FALSE POSITIVE,FALSE POSITIVE,3.8,0
5708,FALSE POSITIVE,FALSE POSITIVE,3.8,0
5181,FALSE POSITIVE,FALSE POSITIVE,3.81,0
3753,CANDIDATE,CONFIRMED,3.82,1
5377,FALSE POSITIVE,FALSE POSITIVE,3.83,0
6017,NOT DISPOSITIONED,NOT DISPOSITIONED,3.83,0
481,CANDIDATE,CANDIDATE,3.838,1
729,CANDIDATE,CONFIRMED,3.84,1
6690,CANDIDATE,CANDIDATE,3.84,1
6598,CANDIDATE,CANDIDATE,3.86,1
7109,NOT DISPOSITIONED,NOT DISPOSITIONED,3.888,0
380,FALSE POSITIVE,FALSE POSITIVE,3.891,0
178,CANDIDATE,CONFIRMED,3.9,1
301,CANDIDATE,CANDIDATE,3.9,1
563,CANDIDATE,CONFIRMED,3.9,1
670,FALSE POSITIVE,FALSE POSITIVE,3.9,0
1696,CANDIDATE,CANDIDATE,3.9,1
2588,CANDIDATE,CANDIDATE,3.9,1
3085,CANDIDATE,CONFIRMED,3.9,1
3099,CANDIDATE,CANDIDATE,3.9,1
4850,FALSE POSITIVE,FALSE POSITIVE,3.9,0
6213,NOT DISPOSITIONED,NOT DISPOSITIONED,3.919,0
5874,FALSE POSITIVE,FALSE POSITIVE,3.92,0
6726,NOT DISPOSITIONED,NOT DISPOSITIONED,3.92,0
19,FALSE POSITIVE,FALSE POSITIVE,3.93,0
45,FALSE POSITIVE,FALSE POSITIVE,3.932,0
4952,CANDIDATE,CANDIDATE,3.936,1
6944,NOT DISPOSITIONED,NOT DISPOSITIONED,3.938,0
6745,NOT DISPOSITIONED,NOT DISPOSITIONED,3.94,0
6337,CANDIDATE,CANDIDATE,3.956,1
1162,CANDIDATE,CANDIDATE,3.97,1
4503,CANDIDATE,CANDIDATE,3.971,1
5446,CANDIDATE,CANDIDATE,3.98,1
41,CANDIDATE,CANDIDATE,3.99,1
148,CANDIDATE,CONFIRMED,4,1
266,CANDIDATE,CANDIDATE,4,1
320,CANDIDATE,CANDIDATE,4,1
703,FALSE POSITIVE,FALSE POSITIVE,4,0
1174,CANDIDATE,CONFIRMED,4,1
1203,FALSE POSITIVE,FALSE POSITIVE,4,0
2009,FALSE POSITIVE,FALSE POSITIVE,4,0
2039,CANDIDATE,CANDIDATE,4,1
2254,CANDIDATE,CANDIDATE,4,1
2350,CANDIDATE,CANDIDATE,4,1
2356,CANDIDATE,CANDIDATE,4,1
3297,CANDIDATE,CANDIDATE,4,1
3684,CANDIDATE,CANDIDATE,4,1
4001,CANDIDATE,CANDIDATE,4,1
5187,CANDIDATE,CANDIDATE,4,1
6540,CANDIDATE,CANDIDATE,4,1
7236,FALSE POSITIVE,FALSE POSITIVE,4.019,0
3744,CANDIDATE,CONFIRMED,4.03,1
7010,NOT DISPOSITIONED,NOT DISPOSITIONED,4.04,0
5394,CANDIDATE,CANDIDATE,4.055,1
6488,CANDIDATE,CANDIDATE,4.067,1
3919,FALSE POSITIVE,FALSE POSITIVE,4.09,0
254,CANDIDATE,CONFIRMED,4.1,1
278,CANDIDATE,CONFIRMED,4.1,1
851,CANDIDATE,CONFIRMED,4.1,1
2221,CANDIDATE,CANDIDATE,4.1,1
2223,CANDIDATE,CANDIDATE,4.1,1
2450,CANDIDATE,CANDIDATE,4.1,1
3799,CANDIDATE,CONFIRMED,4.1,1
4131,CANDIDATE,CANDIDATE,4.1,1
5231,FALSE POSITIVE,FALSE POSITIVE,4.11,0
6555,NOT DISPOSITIONED,NOT DISPOSITIONED,4.11,0
949,FALSE POSITIVE,FALSE POSITIVE,4.12,0
5334,CANDIDATE,CANDIDATE,4.12,1
4913,CANDIDATE,CANDIDATE,4.121,1
2307,CANDIDATE,CANDIDATE,4.13,1
5832,CANDIDATE,CANDIDATE,4.14,1
6923,FALSE POSITIVE,FALSE POSITIVE,4.14,0
6512,NOT DISPOSITIONED,NOT DISPOSITIONED,4.16,0
7084,NOT DISPOSITIONED,NOT DISPOSITIONED,4.164,0
1016,CANDIDATE,CONFIRMED,4.18,1
7041,NOT DISPOSITIONED,NOT DISPOSITIONED,4.19,0
267,FALSE POSITIVE,FALSE POSITIVE,4.2,0
286,CANDIDATE,CONFIRMED,4.2,1
847,CANDIDATE,CANDIDATE,4.2,1
867,FALSE POSITIVE,FALSE POSITIVE,4.2,0
896,CANDIDATE,CANDIDATE,4.2,1
1092,FALSE POSITIVE,FALSE POSITIVE,4.2,0
1145,CANDIDATE,CANDIDATE,4.2,1
1179,CANDIDATE,CONFIRMED,4.2,1
1249,CANDIDATE,CONFIRMED,4.2,1
1286,CANDIDATE,CANDIDATE,4.2,1
1319,CANDIDATE,CANDIDATE,4.2,1
2114,CANDIDATE,CANDIDATE,4.2,1
2373,CANDIDATE,CANDIDATE,4.2,1
2524,CANDIDATE,CANDIDATE,4.2,1
2962,CANDIDATE,CANDIDATE,4.2,1
3623,CANDIDATE,CANDIDATE,4.2,1
3649,FALSE POSITIVE,FALSE POSITIVE,4.2,0
3667,CANDIDATE,CANDIDATE,4.2,1
4406,CANDIDATE,CANDIDATE,4.2,1
5795,NOT DISPOSITIONED,NOT DISPOSITIONED,4.2,0
5186,FALSE POSITIVE,FALSE POSITIVE,4.219,0
596,FALSE POSITIVE,FALSE POSITIVE,4.22,0
2910,CANDIDATE,CONFIRMED,4.22,1
4830,CANDIDATE,CANDIDATE,4.228,1
4334,CANDIDATE,CANDIDATE,4.23,1
6730,NOT DISPOSITIONED,NOT DISPOSITIONED,4.23,0
3780,CANDIDATE,CANDIDATE,4.24,1
7115,NOT DISPOSITIONED,NOT DISPOSITIONED,4.253,0
3791,FALSE POSITIVE,FALSE POSITIVE,4.27,0
6708,NOT DISPOSITIONED,NOT DISPOSITIONED,4.27,0
1079,CANDIDATE,CANDIDATE,4.28,1
6906,NOT DISPOSITIONED,NOT DISPOSITIONED,4.283,0
6037,NOT DISPOSITIONED,NOT DISPOSITIONED,4.29,0
367,CANDIDATE,CANDIDATE,4.3,1
451,CANDIDATE,CANDIDATE,4.3,1
509,FALSE POSITIVE,FALSE POSITIVE,4.3,0
672,CANDIDATE,CONFIRMED,4.3,1
706,FALSE POSITIVE,FALSE POSITIVE,4.3,0
960,FALSE POSITIVE,FALSE POSITIVE,4.3,0
1025,CANDIDATE,CANDIDATE,4.3,1
2273,CANDIDATE,CANDIDATE,4.3,1
2354,CANDIDATE,CONFIRMED,4.3,1
2668,CANDIDATE,CANDIDATE,4.3,1
3107,CANDIDATE,CANDIDATE,4.3,1
3337,FALSE POSITIVE,FALSE POSITIVE,4.3,0
4449,FALSE POSITIVE,FALSE POSITIVE,4.3,0
5642,FALSE POSITIVE,FALSE POSITIVE,4.3,0
6662,NOT DISPOSITIONED,NOT DISPOSITIONED,4.3,0
2538,CANDIDATE,CANDIDATE,4.32,1
3344,CANDIDATE,CONFIRMED,4.32,1
6732,NOT DISPOSITIONED,NOT DISPOSITIONED,4.32,0
7001,NOT DISPOSITIONED,NOT DISPOSITIONED,4.32,0
1662,CANDIDATE,CANDIDATE,4.33,1
3005,CANDIDATE,CONFIRMED,4.33,1
4134,CANDIDATE,CANDIDATE,4.33,1
7072,NOT DISPOSITIONED,NOT DISPOSITIONED,4.33,0
2522,CANDIDATE,CANDIDATE,4.35,1
6842,FALSE POSITIVE,FALSE POSITIVE,4.36,0
6121,NOT DISPOSITIONED,NOT DISPOSITIONED,4.372,0
7032,NOT DISPOSITIONED,NOT DISPOSITIONED,4.372,0
1252,FALSE POSITIVE,FALSE POSITIVE,4.4,0
1325,CANDIDATE,CANDIDATE,4.4,1
1334,FALSE POSITIVE,FALSE POSITIVE,4.4,0
2362,CANDIDATE,CANDIDATE,4.4,1
3204,FALSE POSITIVE,FALSE POSITIVE,4.4,0
3769,FALSE POSITIVE,FALSE POSITIVE,4.4,0
3837,CANDIDATE,CONFIRMED,4.4,1
3843,FALSE POSITIVE,FALSE POSITIVE,4.4,0
5282,FALSE POSITIVE,FALSE POSITIVE,4.4,0
7110,NOT DISPOSITIONED,NOT DISPOSITIONED,4.4,0
153,CANDIDATE,CANDIDATE,4.41,1
6874,NOT DISPOSITIONED,NOT DISPOSITIONED,4.414,0
7180,FALSE POSITIVE,FALSE POSITIVE,4.42,0
4126,FALSE POSITIVE,FALSE POSITIVE,4.42385,0
4606,CANDIDATE,CONFIRMED,4.426,1
104,FALSE POSITIVE,FALSE POSITIVE,4.45,0
7233,FALSE POSITIVE,FALSE POSITIVE,4.456,0
5940,FALSE POSITIVE,FALSE POSITIVE,4.457,0
3792,CANDIDATE,CONFIRMED,4.46,1
6643,NOT DISPOSITIONED,NOT DISPOSITIONED,4.46,0
7019,NOT DISPOSITIONED,NOT DISPOSITIONED,4.49,0
678,CANDIDATE,CANDIDATE,4.5,1
958,FALSE POSITIVE,FALSE POSITIVE,4.5,0
1337,FALSE POSITIVE,FALSE POSITIVE,4.5,0
1360,CANDIDATE,CANDIDATE,4.5,1
2894,FALSE POSITIVE,FALSE POSITIVE,4.5,0
3052,FALSE POSITIVE,FALSE POSITIVE,4.5,0
4231,CANDIDATE,CANDIDATE,4.5,1
4434,FALSE POSITIVE,FALSE POSITIVE,4.5,0
5346,FALSE POSITIVE,FALSE POSITIVE,4.5,0
6464,FALSE POSITIVE,FALSE POSITIVE,4.5,0
6281,FALSE POSITIVE,FALSE POSITIVE,4.51,0
6715,FALSE POSITIVE,FALSE POSITIVE,4.515,0
14,FALSE POSITIVE,FALSE POSITIVE,4.5156,0
5363,FALSE POSITIVE,FALSE POSITIVE,4.52,0
217,CANDIDATE,CONFIRMED,4.53,1
7139,NOT DISPOSITIONED,NOT DISPOSITIONED,4.53,0
3537,FALSE POSITIVE,FALSE POSITIVE,4.55,0
6369,CANDIDATE,CANDIDATE,4.56,1
6492,FALSE POSITIVE,FALSE POSITIVE,4.57,0
4428,FALSE POSITIVE,FALSE POSITIVE,4.59,0
227,CANDIDATE,CANDIDATE,4.6,1
1210,CANDIDATE,CANDIDATE,4.6,1
2214,CANDIDATE,CANDIDATE,4.6,1
2342,CANDIDATE,CANDIDATE,4.6,1
3674,CANDIDATE,CANDIDATE,4.6,1
5589,CANDIDATE,CANDIDATE,4.6,1
6197,FALSE POSITIVE,FALSE POSITIVE,4.6,0
3994,FALSE POSITIVE,FALSE POSITIVE,4.61,0
5606,CANDIDATE,CANDIDATE,4.61,1
6439,NOT DISPOSITIONED,NOT DISPOSITIONED,4.62,0
6574,NOT DISPOSITIONED,NOT DISPOSITIONED,4.62,0
6674,NOT DISPOSITIONED,NOT DISPOSITIONED,4.63,0
5379,CANDIDATE,CANDIDATE,4.644,1
6664,NOT DISPOSITIONED,NOT DISPOSITIONED,4.664,0
1352,CANDIDATE,CONFIRMED,4.68,1
3798,CANDIDATE,CONFIRMED,4.69,1
318,CANDIDATE,CANDIDATE,4.7,1
1459,FALSE POSITIVE,FALSE POSITIVE,4.7,0
2432,CANDIDATE,CANDIDATE,4.7,1
2759,CANDIDATE,CONFIRMED,4.7,1
3577,CANDIDATE,CANDIDATE,4.7,1
5518,FALSE POSITIVE,FALSE POSITIVE,4.7,0
876,CANDIDATE,CANDIDATE,4.73,1
5298,CANDIDATE,CANDIDATE,4.73,1
5311,FALSE POSITIVE,FALSE POSITIVE,4.73,0
6705,NOT DISPOSITIONED,NOT DISPOSITIONED,4.73,0
6773,NOT DISPOSITIONED,NOT DISPOSITIONED,4.734,0
5294,FALSE POSITIVE,FALSE POSITIVE,4.7431,0
5227,FALSE POSITIVE,FALSE POSITIVE,4.747,0
1582,CANDIDATE,CONFIRMED,4.75,1
5184,FALSE POSITIVE,FALSE POSITIVE,4.76,0
2449,CANDIDATE,CANDIDATE,4.77,1
7134,FALSE POSITIVE,FALSE POSITIVE,4.78,0
282,CANDIDATE,CONFIRMED,4.8,1
711,FALSE POSITIVE,FALSE POSITIVE,4.8,0
740,CANDIDATE,CANDIDATE,4.8,1
862,FALSE POSITIVE,FALSE POSITIVE,4.8,0
1576,CANDIDATE,CONFIRMED,4.8,1
1581,CANDIDATE,CANDIDATE,4.8,1
2233,CANDIDATE,CANDIDATE,4.8,1
2360,CANDIDATE,CANDIDATE,4.8,1
2998,CANDIDATE,CANDIDATE,4.8,1
3752,FALSE POSITIVE,FALSE POSITIVE,4.8,0
5405,FALSE POSITIVE,FALSE POSITIVE,4.8,0
5651,FALSE POSITIVE,FALSE POSITIVE,4.8,0
6019,NOT DISPOSITIONED,NOT DISPOSITIONED,4.8,0
6395,FALSE POSITIVE,FALSE POSITIVE,4.8,0
7045,NOT DISPOSITIONED,NOT DISPOSITIONED,4.8,0
7194,NOT DISPOSITIONED,NOT DISPOSITIONED,4.8,0
5413,FALSE POSITIVE,FALSE POSITIVE,4.8094,0
858,FALSE POSITIVE,FALSE POSITIVE,4.81,0
6721,CANDIDATE,CANDIDATE,4.84,1
4269,CANDIDATE,CANDIDATE,4.849,1
338,FALSE POSITIVE,FALSE POSITIVE,4.87,0
6164,NOT DISPOSITIONED,NOT DISPOSITIONED,4.87,0
6694,FALSE POSITIVE,FALSE POSITIVE,4.89,0
5215,FALSE POSITIVE,FALSE POSITIVE,4.893,0
800,CANDIDATE,CONFIRMED,4.9,1
1011,FALSE POSITIVE,FALSE POSITIVE,4.9,0
1457,FALSE POSITIVE,FALSE POSITIVE,4.9,0
3174,FALSE POSITIVE,FALSE POSITIVE,4.9,0
5475,FALSE POSITIVE,FALSE POSITIVE,4.9,0
6747,NOT DISPOSITIONED,NOT DISPOSITIONED,4.9,0
2344,FALSE POSITIVE,FALSE POSITIVE,4.91,0
6716,NOT DISPOSITIONED,NOT DISPOSITIONED,4.93,0
5305,FALSE POSITIVE,FALSE POSITIVE,4.93626,0
96,FALSE POSITIVE,FALSE POSITIVE,4.94,0
4059,FALSE POSITIVE,FALSE POSITIVE,4.96,0
4933,FALSE POSITIVE,FALSE POSITIVE,4.962,0
6577,NOT DISPOSITIONED,NOT DISPOSITIONED,4.964,0
6681,NOT DISPOSITIONED,NOT DISPOSITIONED,4.967,0
3340,CANDIDATE,CANDIDATE,4.98,1
486,FALSE POSITIVE,FALSE POSITIVE,4.99,0
324,FALSE POSITIVE,FALSE POSITIVE,5,0
1414,CANDIDATE,CANDIDATE,5,1
2096,CANDIDATE,CANDIDATE,5,1
2275,FALSE POSITIVE,FALSE POSITIVE,5,0
2278,CANDIDATE,CONFIRMED,5,1
2664,CANDIDATE,CANDIDATE,5,1
2786,CANDIDATE,CANDIDATE,5,1
2958,CANDIDATE,CANDIDATE,5,1
3356,CANDIDATE,CANDIDATE,5,1
3759,FALSE POSITIVE,FALSE POSITIVE,5,0
4399,CANDIDATE,CANDIDATE,5,1
4896,CANDIDATE,CANDIDATE,5,1
6134,FALSE POSITIVE,FALSE POSITIVE,5,0
3925,CANDIDATE,CANDIDATE,5.03,1
2936,CANDIDATE,CANDIDATE,5.04,1
7025,NOT DISPOSITIONED,NOT DISPOSITIONED,5.04,0
5799,CANDIDATE,CANDIDATE,5.09,1
6505,NOT DISPOSITIONED,NOT DISPOSITIONED,5.09,0
1491,CANDIDATE,CANDIDATE,5.1,1
2263,CANDIDATE,CANDIDATE,5.1,1
2927,CANDIDATE,CANDIDATE,5.1,1
2952,FALSE POSITIVE,FALSE POSITIVE,5.1,0
3000,CANDIDATE,CANDIDATE,5.1,1
3795,FALSE POSITIVE,FALSE POSITIVE,5.1,0
7026,NOT DISPOSITIONED,NOT DISPOSITIONED,5.1,0
6368,CANDIDATE,CANDIDATE,5.105,1
228,CANDIDATE,CANDIDATE,5.12,1
3395,FALSE POSITIVE,FALSE POSITIVE,5.12,0
204,FALSE POSITIVE,FALSE POSITIVE,5.19,0
1851,FALSE POSITIVE,FALSE POSITIVE,5.19,0
3108,CANDIDATE,CANDIDATE,5.19,1
6744,CANDIDATE,CANDIDATE,5.19,1
669,FALSE POSITIVE,FALSE POSITIVE,5.2,0
684,CANDIDATE,CANDIDATE,5.2,1
1341,CANDIDATE,CANDIDATE,5.2,1
1715,CANDIDATE,CONFIRMED,5.2,1
2282,CANDIDATE,CANDIDATE,5.2,1
2495,FALSE POSITIVE,FALSE POSITIVE,5.2,0
2619,FALSE POSITIVE,FALSE POSITIVE,5.2,0
2897,FALSE POSITIVE,FALSE POSITIVE,5.2,0
2956,FALSE POSITIVE,FALSE POSITIVE,5.2,0
5481,CANDIDATE,CANDIDATE,5.2,1
5615,FALSE POSITIVE,FALSE POSITIVE,5.2,0
5910,NOT DISPOSITIONED,NOT DISPOSITIONED,5.2,0
6045,CANDIDATE,CANDIDATE,5.2,1
6805,NOT DISPOSITIONED,NOT DISPOSITIONED,5.2,0
5172,FALSE POSITIVE,FALSE POSITIVE,5.21,0
6818,FALSE POSITIVE,FALSE POSITIVE,5.21,0
1028,CANDIDATE,CANDIDATE,5.26,1
7099,NOT DISPOSITIONED,NOT DISPOSITIONED,5.26,0
149,CANDIDATE,CONFIRMED,5.3,1
477,FALSE POSITIVE,FALSE POSITIVE,5.3,0
701,FALSE POSITIVE,FALSE POSITIVE,5.3,0
817,FALSE POSITIVE,FALSE POSITIVE,5.3,0
988,CANDIDATE,CANDIDATE,5.3,1
1178,CANDIDATE,CONFIRMED,5.3,1
2209,CANDIDATE,CONFIRMED,5.3,1
3400,FALSE POSITIVE,FALSE POSITIVE,5.3,0
6169,CANDIDATE,CANDIDATE,5.3,1
4338,CANDIDATE,CANDIDATE,5.31,1
6481,NOT DISPOSITIONED,NOT DISPOSITIONED,5.368,0
5177,FALSE POSITIVE,FALSE POSITIVE,5.378,0
1369,FALSE POSITIVE,FALSE POSITIVE,5.39,0
162,FALSE POSITIVE,FALSE POSITIVE,5.4,0
540,CANDIDATE,CANDIDATE,5.4,1
545,CANDIDATE,CANDIDATE,5.4,1
1213,FALSE POSITIVE,FALSE POSITIVE,5.4,0
1674,CANDIDATE,CANDIDATE,5.4,1
2098,CANDIDATE,CANDIDATE,5.4,1
2597,CANDIDATE,CONFIRMED,5.4,1
3118,FALSE POSITIVE,FALSE POSITIVE,5.4,0
3722,FALSE POSITIVE,FALSE POSITIVE,5.4,0
5774,FALSE POSITIVE,FALSE POSITIVE,5.4,0
6636,NOT DISPOSITIONED,NOT DISPOSITIONED,5.41,0
253,CANDIDATE,CANDIDATE,5.43,1
849,CANDIDATE,CANDIDATE,5.43,1
7071,NOT DISPOSITIONED,NOT DISPOSITIONED,5.43,0
5273,CANDIDATE,CANDIDATE,5.467,1
4332,CANDIDATE,CANDIDATE,5.46924,1
146,FALSE POSITIVE,FALSE POSITIVE,5.48,0
5142,FALSE POSITIVE,FALSE POSITIVE,5.48,0
7002,NOT DISPOSITIONED,NOT DISPOSITIONED,5.48,0
358,CANDIDATE,CANDIDATE,5.5,1
366,CANDIDATE,CANDIDATE,5.5,1
2426,CANDIDATE,CANDIDATE,5.5,1
2657,CANDIDATE,CANDIDATE,5.5,1
3110,FALSE POSITIVE,FALSE POSITIVE,5.5,0
3797,CANDIDATE,CONFIRMED,5.5,1
1311,CANDIDATE,CANDIDATE,5.51,1
4311,FALSE POSITIVE,FALSE POSITIVE,5.52,0
6553,NOT DISPOSITIONED,NOT DISPOSITIONED,5.53,0
5450,CANDIDATE,CANDIDATE,5.536,1
5456,CANDIDATE,CANDIDATE,5.5431,1
4686,FALSE POSITIVE,FALSE POSITIVE,5.5511,0
5453,FALSE POSITIVE,FALSE POSITIVE,5.5612,0
5842,NOT DISPOSITIONED,NOT DISPOSITIONED,5.57,0
496,CANDIDATE,CONFIRMED,5.6,1
1852,CANDIDATE,CANDIDATE,5.6,1
2297,CANDIDATE,CONFIRMED,5.6,1
4287,FALSE POSITIVE,FALSE POSITIVE,5.6,0
5635,FALSE POSITIVE,FALSE POSITIVE,5.6,0
7111,NOT DISPOSITIONED,NOT DISPOSITIONED,5.6,0
6695,NOT DISPOSITIONED,NOT DISPOSITIONED,5.60697,0
7092,NOT DISPOSITIONED,NOT DISPOSITIONED,5.62,0
5037,CANDIDATE,CANDIDATE,5.63,1
6070,NOT DISPOSITIONED,NOT DISPOSITIONED,5.653,0
3112,CANDIDATE,CANDIDATE,5.66,1
6400,NOT DISPOSITIONED,NOT DISPOSITIONED,5.69,0
1177,CANDIDATE,CONFIRMED,5.7,1
1187,FALSE POSITIVE,FALSE POSITIVE,5.7,0
2191,CANDIDATE,CANDIDATE,5.7,1
2365,CANDIDATE,CANDIDATE,5.7,1
3719,CANDIDATE,CANDIDATE,5.7,1
6008,FALSE POSITIVE,FALSE POSITIVE,5.7,0
7193,NOT DISPOSITIONED,NOT DISPOSITIONED,5.7,0
6533,NOT DISPOSITIONED,NOT DISPOSITIONED,5.71,0
520,CANDIDATE,CONFIRMED,5.72,1
3289,CANDIDATE,CANDIDATE,5.73,1
6210,NOT DISPOSITIONED,NOT DISPOSITIONED,5.736,0
1702,CANDIDATE,CONFIRMED,5.74,1
5082,CANDIDATE,CANDIDATE,5.74,1
5391,FALSE POSITIVE,FALSE POSITIVE,5.76,0
1061,CANDIDATE,CANDIDATE,5.8,1
1115,CANDIDATE,CANDIDATE,5.8,1
1214,CANDIDATE,CANDIDATE,5.8,1
1555,CANDIDATE,CANDIDATE,5.8,1
2277,CANDIDATE,CONFIRMED,5.8,1
2557,FALSE POSITIVE,FALSE POSITIVE,5.8,0
2578,CANDIDATE,CANDIDATE,5.8,1
3208,CANDIDATE,CANDIDATE,5.8,1
6775,NOT DISPOSITIONED,NOT DISPOSITIONED,5.8,0
3451,FALSE POSITIVE,FALSE POSITIVE,5.85,0
5324,FALSE POSITIVE,FALSE POSITIVE,5.8765,0
526,CANDIDATE,CANDIDATE,5.9,1
654,FALSE POSITIVE,FALSE POSITIVE,5.9,0
2961,CANDIDATE,CANDIDATE,5.9,1
3030,CANDIDATE,CONFIRMED,5.9,1
3442,FALSE POSITIVE,FALSE POSITIVE,5.9,0
5249,FALSE POSITIVE,FALSE POSITIVE,5.9,0
5609,CANDIDATE,CANDIDATE,5.9,1
6776,CANDIDATE,CANDIDATE,5.97,1
702,FALSE POSITIVE,FALSE POSITIVE,6,0
1449,CANDIDATE,CANDIDATE,6,1
1783,CANDIDATE,CANDIDATE,6,1
1833,CANDIDATE,CANDIDATE,6,1
3762,CANDIDATE,CANDIDATE,6,1
4159,FALSE POSITIVE,FALSE POSITIVE,6,0
4409,CANDIDATE,CANDIDATE,6,1
1638,CANDIDATE,CONFIRMED,6.01,1
407,FALSE POSITIVE,FALSE POSITIVE,6.04,0
3190,CANDIDATE,CONFIRMED,6.04,1
6331,FALSE POSITIVE,FALSE POSITIVE,6.04,0
5271,FALSE POSITIVE,FALSE POSITIVE,6.092,0
963,CANDIDATE,CANDIDATE,6.1,1
999,CANDIDATE,CANDIDATE,6.1,1
1432,CANDIDATE,CANDIDATE,6.1,1
1460,CANDIDATE,CONFIRMED,6.1,1
1516,FALSE POSITIVE,FALSE POSITIVE,6.1,0
1945,CANDIDATE,CONFIRMED,6.1,1
6014,NOT DISPOSITIONED,NOT DISPOSITIONED,6.1,0
6752,NOT DISPOSITIONED,NOT DISPOSITIONED,6.1,0
4905,CANDIDATE,CANDIDATE,6.11,1
7113,NOT DISPOSITIONED,NOT DISPOSITIONED,6.11,0
6988,NOT DISPOSITIONED,NOT DISPOSITIONED,6.166,0
4443,FALSE POSITIVE,FALSE POSITIVE,6.19,0
4154,CANDIDATE,CANDIDATE,6.19038,1
1557,CANDIDATE,CONFIRMED,6.2,1
1590,CANDIDATE,CANDIDATE,6.2,1
2276,CANDIDATE,CANDIDATE,6.2,1
2293,CANDIDATE,CANDIDATE,6.2,1
5304,FALSE POSITIVE,FALSE POSITIVE,6.2,0
6297,CANDIDATE,CANDIDATE,6.2,1
6846,FALSE POSITIVE,FALSE POSITIVE,6.22,0
5989,NOT DISPOSITIONED,NOT DISPOSITIONED,6.228,0
5296,CANDIDATE,CANDIDATE,6.236,1
7189,NOT DISPOSITIONED,NOT DISPOSITIONED,6.25,0
274,CANDIDATE,CANDIDATE,6.263,1
2283,CANDIDATE,CANDIDATE,6.28,1
5350,FALSE POSITIVE,FALSE POSITIVE,6.298,0
863,FALSE POSITIVE,FALSE POSITIVE,6.3,0
2809,CANDIDATE,CANDIDATE,6.3,1
3629,CANDIDATE,CANDIDATE,6.3,1
5847,NOT DISPOSITIONED,NOT DISPOSITIONED,6.3,0
5395,CANDIDATE,CANDIDATE,6.306,1
2339,CANDIDATE,CONFIRMED,6.31,1
3345,CANDIDATE,CONFIRMED,6.31,1
1550,FALSE POSITIVE,FALSE POSITIVE,6.36,0
3734,FALSE POSITIVE,FALSE POSITIVE,6.36,0
5156,CANDIDATE,CANDIDATE,6.367,1
6554,NOT DISPOSITIONED,NOT DISPOSITIONED,6.37,0
215,FALSE POSITIVE,FALSE POSITIVE,6.4,0
416,FALSE POSITIVE,FALSE POSITIVE,6.4,0
1208,CANDIDATE,CANDIDATE,6.4,1
1316,FALSE POSITIVE,FALSE POSITIVE,6.4,0
1791,CANDIDATE,CANDIDATE,6.4,1
3840,FALSE POSITIVE,FALSE POSITIVE,6.4,0
6451,NOT DISPOSITIONED,NOT DISPOSITIONED,6.45,0
5165,FALSE POSITIVE,FALSE POSITIVE,6.46,0
5845,NOT DISPOSITIONED,NOT DISPOSITIONED,6.46,0
5150,FALSE POSITIVE,FALSE POSITIVE,6.48,0
6807,NOT DISPOSITIONED,NOT DISPOSITIONED,6.483,0
2272,CANDIDATE,CANDIDATE,6.5,1
2954,CANDIDATE,CANDIDATE,6.5,1
5598,FALSE POSITIVE,FALSE POSITIVE,6.5,0
6445,CANDIDATE,CANDIDATE,6.5,1
2395,CANDIDATE,CONFIRMED,6.51,1
5797,NOT DISPOSITIONED,NOT DISPOSITIONED,6.51,0
1592,CANDIDATE,CANDIDATE,6.6,1
3032,CANDIDATE,CANDIDATE,6.6,1
3564,CANDIDATE,CANDIDATE,6.6,1
5366,FALSE POSITIVE,FALSE POSITIVE,6.6,0
6338,NOT DISPOSITIONED,NOT DISPOSITIONED,6.605,0
5457,FALSE POSITIVE,FALSE POSITIVE,6.63,0
2286,CANDIDATE,CANDIDATE,6.7,1
2466,FALSE POSITIVE,FALSE POSITIVE,6.7,0
43,FALSE POSITIVE,FALSE POSITIVE,6.73,0
2963,CANDIDATE,CONFIRMED,6.73,1
5998,NOT DISPOSITIONED,NOT DISPOSITIONED,6.74,0
4648,FALSE POSITIVE,FALSE POSITIVE,6.75,0
5234,FALSE POSITIVE,FALSE POSITIVE,6.75,0
5288,CANDIDATE,CANDIDATE,6.7601,1
1479,CANDIDATE,CANDIDATE,6.78,1
4990,FALSE POSITIVE,FALSE POSITIVE,6.789,0
1138,FALSE POSITIVE,FALSE POSITIVE,6.8,0
1212,FALSE POSITIVE,FALSE POSITIVE,6.8,0
1570,FALSE POSITIVE,FALSE POSITIVE,6.8,0
3280,CANDIDATE,CONFIRMED,6.8,1
3575,CANDIDATE,CANDIDATE,6.8,1
3817,CANDIDATE,CANDIDATE,6.8,1
573,FALSE POSITIVE,FALSE POSITIVE,6.9,0
779,FALSE POSITIVE,FALSE POSITIVE,6.9,0
2596,CANDIDATE,CANDIDATE,6.9,1
5483,FALSE POSITIVE,FALSE POSITIVE,6.9,0
6111,CANDIDATE,CANDIDATE,6.9,1
6159,NOT DISPOSITIONED,NOT DISPOSITIONED,6.9,0
6766,FALSE POSITIVE,FALSE POSITIVE,6.9,0
5452,FALSE POSITIVE,FALSE POSITIVE,6.91,0
6487,NOT DISPOSITIONED,NOT DISPOSITIONED,6.91,0
4723,CANDIDATE,CANDIDATE,6.94,1
5435,FALSE POSITIVE,FALSE POSITIVE,6.948,0
5433,CANDIDATE,CANDIDATE,6.976,1
805,CANDIDATE,CANDIDATE,7,1
950,FALSE POSITIVE,FALSE POSITIVE,7,0
964,CANDIDATE,CANDIDATE,7,1
1005,FALSE POSITIVE,FALSE POSITIVE,7,0
1618,CANDIDATE,CANDIDATE,7,1
3666,CANDIDATE,CONFIRMED,7,1
4703,CANDIDATE,CANDIDATE,7,1
5672,FALSE POSITIVE,FALSE POSITIVE,7,0
5183,FALSE POSITIVE,FALSE POSITIVE,7.03,0
5543,CANDIDATE,CANDIDATE,7.05,1
5295,CANDIDATE,CANDIDATE,7.067,1
6468,NOT DISPOSITIONED,NOT DISPOSITIONED,7.067,0
397,CANDIDATE,CANDIDATE,7.1,1
799,CANDIDATE,CANDIDATE,7.1,1
1870,CANDIDATE,CANDIDATE,7.1,1
2660,CANDIDATE,CONFIRMED,7.1,1
3353,CANDIDATE,CONFIRMED,7.1,1
5147,CANDIDATE,CANDIDATE,7.1,1
6350,NOT DISPOSITIONED,NOT DISPOSITIONED,7.1,0
322,FALSE POSITIVE,FALSE POSITIVE,7.13,0
5336,CANDIDATE,CANDIDATE,7.13,1
5323,FALSE POSITIVE,FALSE POSITIVE,7.145,0
7091,NOT DISPOSITIONED,NOT DISPOSITIONED,7.15,0
6779,NOT DISPOSITIONED,NOT DISPOSITIONED,7.163,0
5240,FALSE POSITIVE,FALSE POSITIVE,7.17,0
116,CANDIDATE,CONFIRMED,7.2,1
677,FALSE POSITIVE,FALSE POSITIVE,7.2,0
797,CANDIDATE,CANDIDATE,7.2,1
2969,CANDIDATE,CANDIDATE,7.2,1
5356,CANDIDATE,CANDIDATE,7.209,1
5683,FALSE POSITIVE,FALSE POSITIVE,7.21,0
55,FALSE POSITIVE,FALSE POSITIVE,7.222,0
4024,FALSE POSITIVE,FALSE POSITIVE,7.222,0
3506,CANDIDATE,CONFIRMED,7.23,1
6649,NOT DISPOSITIONED,NOT DISPOSITIONED,7.24,0
6542,CANDIDATE,CANDIDATE,7.266,1
1012,FALSE POSITIVE,FALSE POSITIVE,7.3,0
1056,CANDIDATE,CANDIDATE,7.3,1
1398,CANDIDATE,CANDIDATE,7.3,1
2266,CANDIDATE,CANDIDATE,7.3,1
2353,CANDIDATE,CANDIDATE,7.3,1
3027,CANDIDATE,CONFIRMED,7.3,1
3928,FALSE POSITIVE,FALSE POSITIVE,7.3,0
5983,NOT DISPOSITIONED,NOT DISPOSITIONED,7.3,0
3507,CANDIDATE,CONFIRMED,7.31,1
4794,FALSE POSITIVE,FALSE POSITIVE,7.31,0
3238,CANDIDATE,CONFIRMED,7.32,1
522,CANDIDATE,CONFIRMED,7.34,1
712,CANDIDATE,CONFIRMED,7.34,1
5875,CANDIDATE,CANDIDATE,7.39,1
331,FALSE POSITIVE,FALSE POSITIVE,7.4,0
895,CANDIDATE,CANDIDATE,7.4,1
1418,CANDIDATE,CANDIDATE,7.4,1
5946,NOT DISPOSITIONED,NOT DISPOSITIONED,7.4,0
6370,FALSE POSITIVE,FALSE POSITIVE,7.41,0
3109,CANDIDATE,CANDIDATE,7.5,1
5625,FALSE POSITIVE,FALSE POSITIVE,7.5,0
6920,FALSE POSITIVE,FALSE POSITIVE,7.5,0
4610,FALSE POSITIVE,FALSE POSITIVE,7.5001,0
6254,NOT DISPOSITIONED,NOT DISPOSITIONED,7.57,0
1445,FALSE POSITIVE,FALSE POSITIVE,7.6,0
1593,CANDIDATE,CANDIDATE,7.6,1
1937,CANDIDATE,CANDIDATE,7.6,1
3401,FALSE POSITIVE,FALSE POSITIVE,7.6,0
5470,FALSE POSITIVE,FALSE POSITIVE,7.6,0
5920,NOT DISPOSITIONED,NOT DISPOSITIONED,7.6,0
6047,NOT DISPOSITIONED,NOT DISPOSITIONED,7.6,0
5992,NOT DISPOSITIONED,NOT DISPOSITIONED,7.667,0
448,CANDIDATE,CANDIDATE,7.7,1
519,FALSE POSITIVE,FALSE POSITIVE,7.7,0
688,CANDIDATE,CONFIRMED,7.7,1
1006,FALSE POSITIVE,FALSE POSITIVE,7.7,0
2196,CANDIDATE,CANDIDATE,7.7,1
2285,CANDIDATE,CANDIDATE,7.7,1
2671,CANDIDATE,CANDIDATE,7.7,1
3516,FALSE POSITIVE,FALSE POSITIVE,7.7,0
3524,CANDIDATE,CANDIDATE,7.7,1
5472,FALSE POSITIVE,FALSE POSITIVE,7.7,0
5205,FALSE POSITIVE,FALSE POSITIVE,7.72528,0
5410,FALSE POSITIVE,FALSE POSITIVE,7.77,0
398,FALSE POSITIVE,FALSE POSITIVE,7.8,0
814,CANDIDATE,CANDIDATE,7.8,1
5607,FALSE POSITIVE,FALSE POSITIVE,7.8,0
6719,NOT DISPOSITIONED,NOT DISPOSITIONED,7.8,0
728,CANDIDATE,CONFIRMED,7.86,1
2289,FALSE POSITIVE,FALSE POSITIVE,7.9,0
3021,CANDIDATE,CANDIDATE,7.9,1
3569,CANDIDATE,CANDIDATE,7.9,1
6078,NOT DISPOSITIONED,NOT DISPOSITIONED,7.99,0
955,CANDIDATE,CANDIDATE,8,1
1569,FALSE POSITIVE,FALSE POSITIVE,8,0
2284,CANDIDATE,CANDIDATE,8,1
2425,FALSE POSITIVE,FALSE POSITIVE,8,0
2957,CANDIDATE,CANDIDATE,8,1
3757,CANDIDATE,CANDIDATE,8,1
5560,FALSE POSITIVE,FALSE POSITIVE,8,0
6157,NOT DISPOSITIONED,NOT DISPOSITIONED,8,0
6082,FALSE POSITIVE,FALSE POSITIVE,8.03,0
6426,FALSE POSITIVE,FALSE POSITIVE,8.04,0
4801,FALSE POSITIVE,FALSE POSITIVE,8.0543,0
359,CANDIDATE,CANDIDATE,8.1,1
1433,FALSE POSITIVE,FALSE POSITIVE,8.1,0
1456,FALSE POSITIVE,FALSE POSITIVE,8.1,0
2737,CANDIDATE,CANDIDATE,8.1,1
3460,CANDIDATE,CANDIDATE,8.1,1
5712,FALSE POSITIVE,FALSE POSITIVE,8.1,0
6173,NOT DISPOSITIONED,NOT DISPOSITIONED,8.111,0
5293,FALSE POSITIVE,FALSE POSITIVE,8.1327,0
4513,FALSE POSITIVE,FALSE POSITIVE,8.14,0
4741,FALSE POSITIVE,FALSE POSITIVE,8.16,0
5233,CANDIDATE,CANDIDATE,8.18,1
186,CANDIDATE,CANDIDATE,8.2,1
214,FALSE POSITIVE,FALSE POSITIVE,8.2,0
793,FALSE POSITIVE,FALSE POSITIVE,8.2,0
1027,CANDIDATE,CANDIDATE,8.2,1
1205,CANDIDATE,CANDIDATE,8.2,1
3394,CANDIDATE,CONFIRMED,8.22,1
3393,CANDIDATE,CONFIRMED,8.28,1
184,FALSE POSITIVE,FALSE POSITIVE,8.3,0
762,CANDIDATE,CANDIDATE,8.3,1
928,FALSE POSITIVE,FALSE POSITIVE,8.3,0
2905,CANDIDATE,CANDIDATE,8.3,1
3758,FALSE POSITIVE,FALSE POSITIVE,8.3,0
5438,CANDIDATE,CANDIDATE,8.325,1
5802,NOT DISPOSITIONED,NOT DISPOSITIONED,8.35619,0
544,CANDIDATE,CANDIDATE,8.4,1
646,FALSE POSITIVE,FALSE POSITIVE,8.4,0
1199,FALSE POSITIVE,FALSE POSITIVE,8.4,0
5608,CANDIDATE,CANDIDATE,8.4,1
6652,FALSE POSITIVE,FALSE POSITIVE,8.4,0
7066,NOT DISPOSITIONED,NOT DISPOSITIONED,8.42,0
745,CANDIDATE,CANDIDATE,8.45,1
255,CANDIDATE,CANDIDATE,8.5,1
995,CANDIDATE,CANDIDATE,8.5,1
2281,CANDIDATE,CANDIDATE,8.5,1
5699,CANDIDATE,CANDIDATE,8.5,1
2207,FALSE POSITIVE,FALSE POSITIVE,8.51,0
3348,CANDIDATE,CANDIDATE,8.52,1
5027,CANDIDATE,CANDIDATE,8.5376,1
4022,FALSE POSITIVE,FALSE POSITIVE,8.55,0
6278,NOT DISPOSITIONED,NOT DISPOSITIONED,8.56,0
6563,NOT DISPOSITIONED,NOT DISPOSITIONED,8.56,0
6162,CANDIDATE,CANDIDATE,8.585,1
1268,CANDIDATE,CANDIDATE,8.6,1
2508,CANDIDATE,CONFIRMED,8.6,1
2960,FALSE POSITIVE,FALSE POSITIVE,8.6,0
5101,FALSE POSITIVE,FALSE POSITIVE,8.6,0
1412,FALSE POSITIVE,FALSE POSITIVE,8.62,0
5956,NOT DISPOSITIONED,NOT DISPOSITIONED,8.66,0
306,CANDIDATE,CANDIDATE,8.7,1
419,CANDIDATE,CANDIDATE,8.7,1
471,CANDIDATE,CANDIDATE,8.7,1
3455,FALSE POSITIVE,FALSE POSITIVE,8.7,0
4672,FALSE POSITIVE,FALSE POSITIVE,8.7075,0
2812,CANDIDATE,CONFIRMED,8.75,1
6449,NOT DISPOSITIONED,NOT DISPOSITIONED,8.76,0
1033,FALSE POSITIVE,FALSE POSITIVE,8.8,0
1598,CANDIDATE,CANDIDATE,8.8,1
2949,CANDIDATE,CANDIDATE,8.8,1
3678,CANDIDATE,CANDIDATE,8.8,1
6424,CANDIDATE,CANDIDATE,8.8,1
6422,NOT DISPOSITIONED,NOT DISPOSITIONED,8.88,0
785,FALSE POSITIVE,FALSE POSITIVE,8.9,0
1336,FALSE POSITIVE,FALSE POSITIVE,8.92,0
212,FALSE POSITIVE,FALSE POSITIVE,9,0
250,CANDIDATE,CANDIDATE,9,1
1362,CANDIDATE,CANDIDATE,9,1
1420,FALSE POSITIVE,FALSE POSITIVE,9,0
2918,CANDIDATE,CANDIDATE,9,1
5613,FALSE POSITIVE,FALSE POSITIVE,9,0
6209,NOT DISPOSITIONED,NOT DISPOSITIONED,9,0
6125,NOT DISPOSITIONED,NOT DISPOSITIONED,9.03,0
403,CANDIDATE,CANDIDATE,9.1,1
979,CANDIDATE,CANDIDATE,9.1,1
1049,CANDIDATE,CANDIDATE,9.1,1
1342,CANDIDATE,CANDIDATE,9.1,1
2291,CANDIDATE,CANDIDATE,9.1,1
3284,CANDIDATE,CANDIDATE,9.1,1
5270,FALSE POSITIVE,FALSE POSITIVE,9.11,0
4629,CANDIDATE,CANDIDATE,9.1192,1
4680,FALSE POSITIVE,FALSE POSITIVE,9.1263,0
5160,CANDIDATE,CANDIDATE,9.14,1
4942,FALSE POSITIVE,FALSE POSITIVE,9.16,0
5352,CANDIDATE,CANDIDATE,9.17,1
6204,NOT DISPOSITIONED,NOT DISPOSITIONED,9.18,0
705,FALSE POSITIVE,FALSE POSITIVE,9.2,0
933,FALSE POSITIVE,FALSE POSITIVE,9.2,0
954,FALSE POSITIVE,FALSE POSITIVE,9.2,0
1615,FALSE POSITIVE,FALSE POSITIVE,9.2,0
4824,FALSE POSITIVE,FALSE POSITIVE,9.21,0
107,CANDIDATE,CANDIDATE,9.3,1
956,CANDIDATE,CANDIDATE,9.3,1
965,CANDIDATE,CANDIDATE,9.3,1
1614,FALSE POSITIVE,FALSE POSITIVE,9.3,0
2398,FALSE POSITIVE,FALSE POSITIVE,9.3,0
5824,NOT DISPOSITIONED,NOT DISPOSITIONED,9.3,0
4821,FALSE POSITIVE,FALSE POSITIVE,9.3009,0
4666,CANDIDATE,CANDIDATE,9.3343,1
5803,NOT DISPOSITIONED,NOT DISPOSITIONED,9.34,0
2123,CANDIDATE,CANDIDATE,9.36,1
424,CANDIDATE,CONFIRMED,9.37,1
6886,FALSE POSITIVE,FALSE POSITIVE,9.37,0
185,CANDIDATE,CONFIRMED,9.4,1
679,CANDIDATE,CANDIDATE,9.4,1
857,FALSE POSITIVE,FALSE POSITIVE,9.4,0
894,CANDIDATE,CANDIDATE,9.4,1
1297,FALSE POSITIVE,FALSE POSITIVE,9.4,0
1454,FALSE POSITIVE,FALSE POSITIVE,9.4,0
2287,CANDIDATE,CONFIRMED,9.4,1
3124,CANDIDATE,CANDIDATE,9.4,1
4819,FALSE POSITIVE,FALSE POSITIVE,9.4101,0
6123,NOT DISPOSITIONED,NOT DISPOSITIONED,9.48,0
5449,FALSE POSITIVE,FALSE POSITIVE,9.48528,0
6682,NOT DISPOSITIONED,NOT DISPOSITIONED,9.49,0
1410,CANDIDATE,CANDIDATE,9.5,1
2160,CANDIDATE,CANDIDATE,9.5,1
6270,FALSE POSITIVE,FALSE POSITIVE,9.5,0
5213,FALSE POSITIVE,FALSE POSITIVE,9.56,0
7024,NOT DISPOSITIONED,NOT DISPOSITIONED,9.5737,0
115,FALSE POSITIVE,FALSE POSITIVE,9.6,0
472,CANDIDATE,CANDIDATE,9.6,1
1022,CANDIDATE,CANDIDATE,9.6,1
1780,CANDIDATE,CANDIDATE,9.6,1
2258,FALSE POSITIVE,FALSE POSITIVE,9.6,0
3205,FALSE POSITIVE,FALSE POSITIVE,9.6,0
3209,FALSE POSITIVE,FALSE POSITIVE,9.6,0
5434,FALSE POSITIVE,FALSE POSITIVE,9.6,0
2940,FALSE POSITIVE,FALSE POSITIVE,9.61,0
5904,NOT DISPOSITIONED,NOT DISPOSITIONED,9.622,0
844,CANDIDATE,CANDIDATE,9.7,1
987,CANDIDATE,CANDIDATE,9.7,1
1036,CANDIDATE,CONFIRMED,9.7,1
3083,FALSE POSITIVE,FALSE POSITIVE,9.7,0
6611,NOT DISPOSITIONED,NOT DISPOSITIONED,9.7,0
5319,FALSE POSITIVE,FALSE POSITIVE,9.713,0
492,CANDIDATE,CANDIDATE,9.77,1
6855,FALSE POSITIVE,FALSE POSITIVE,9.79,0
657,FALSE POSITIVE,FALSE POSITIVE,9.8,0
1009,FALSE POSITIVE,FALSE POSITIVE,9.8,0
3279,CANDIDATE,CONFIRMED,9.8,1
3618,CANDIDATE,CONFIRMED,9.8,1
2126,CANDIDATE,CONFIRMED,9.85,1
4777,FALSE POSITIVE,FALSE POSITIVE,9.85,0
1448,CANDIDATE,CANDIDATE,9.86,1
823,CANDIDATE,CANDIDATE,9.88,1
5938,FALSE POSITIVE,FALSE POSITIVE,9.9,0
6494,NOT DISPOSITIONED,NOT DISPOSITIONED,9.97,0
2519,CANDIDATE,CANDIDATE,10,1
3029,CANDIDATE,CONFIRMED,10,1
3195,CANDIDATE,CONFIRMED,10,1
292,CANDIDATE,CANDIDATE,10.1,1
1109,CANDIDATE,CANDIDATE,10.1,1
1458,FALSE POSITIVE,FALSE POSITIVE,10.1,0
5291,FALSE POSITIVE,FALSE POSITIVE,10.1,0
4300,FALSE POSITIVE,FALSE POSITIVE,10.13,0
1520,CANDIDATE,CANDIDATE,10.2,1
6503,NOT DISPOSITIONED,NOT DISPOSITIONED,10.22,0
996,CANDIDATE,CANDIDATE,10.3,1
1955,CANDIDATE,CANDIDATE,10.4,1
3390,CANDIDATE,CANDIDATE,10.4,1
6469,CANDIDATE,CANDIDATE,10.4,1
1302,FALSE POSITIVE,FALSE POSITIVE,10.41,0
7185,FALSE POSITIVE,FALSE POSITIVE,10.4303,0
2994,FALSE POSITIVE,FALSE POSITIVE,10.45,0
5950,CANDIDATE,CANDIDATE,10.45,1
794,FALSE POSITIVE,FALSE POSITIVE,10.5,0
832,FALSE POSITIVE,FALSE POSITIVE,10.5,0
873,CANDIDATE,CANDIDATE,10.5,1
6109,NOT DISPOSITIONED,NOT DISPOSITIONED,10.5,0
1509,CANDIDATE,CONFIRMED,10.56,1
1416,FALSE POSITIVE,FALSE POSITIVE,10.6,0
3339,CANDIDATE,CANDIDATE,10.6,1
6770,NOT DISPOSITIONED,NOT DISPOSITIONED,10.6,0
7235,FALSE POSITIVE,FALSE POSITIVE,10.64,0
4631,CANDIDATE,CANDIDATE,10.672,1
4537,FALSE POSITIVE,FALSE POSITIVE,10.6774,0
1869,FALSE POSITIVE,FALSE POSITIVE,10.7,0
3070,FALSE POSITIVE,FALSE POSITIVE,10.7,0
3675,CANDIDATE,CANDIDATE,10.7,1
5432,FALSE POSITIVE,FALSE POSITIVE,10.71,0
7178,FALSE POSITIVE,FALSE POSITIVE,10.72,0
4866,FALSE POSITIVE,FALSE POSITIVE,10.75,0
6966,NOT DISPOSITIONED,NOT DISPOSITIONED,10.77,0
1409,FALSE POSITIVE,FALSE POSITIVE,10.8,0
1417,CANDIDATE,CANDIDATE,10.8,1
1718,CANDIDATE,CANDIDATE,10.8,1
3613,FALSE POSITIVE,FALSE POSITIVE,10.8,0
3761,CANDIDATE,CANDIDATE,10.8,1
3849,FALSE POSITIVE,FALSE POSITIVE,10.8,0
6514,NOT DISPOSITIONED,NOT DISPOSITIONED,10.8,0
7184,FALSE POSITIVE,FALSE POSITIVE,10.8411,0
4746,FALSE POSITIVE,FALSE POSITIVE,10.86,0
1008,CANDIDATE,CANDIDATE,10.87,1
3782,CANDIDATE,CANDIDATE,10.87,1
288,CANDIDATE,CANDIDATE,10.9,1
704,FALSE POSITIVE,FALSE POSITIVE,10.9,0
1172,CANDIDATE,CONFIRMED,10.93,1
1040,CANDIDATE,CANDIDATE,11,1
1788,FALSE POSITIVE,FALSE POSITIVE,11,0
2431,CANDIDATE,CANDIDATE,11,1
3522,FALSE POSITIVE,FALSE POSITIVE,11,0
4683,FALSE POSITIVE,FALSE POSITIVE,11.002,0
4910,FALSE POSITIVE,FALSE POSITIVE,11.05,0
6955,NOT DISPOSITIONED,NOT DISPOSITIONED,11.0662,0
1015,CANDIDATE,CONFIRMED,11.07,1
262,CANDIDATE,CANDIDATE,11.1,1
856,CANDIDATE,CANDIDATE,11.1,1
1099,CANDIDATE,CANDIDATE,11.1,1
1170,CANDIDATE,CANDIDATE,11.1,1
3616,CANDIDATE,CANDIDATE,11.1,1
6626,NOT DISPOSITIONED,NOT DISPOSITIONED,11.1,0
7280,FALSE POSITIVE,FALSE POSITIVE,11.1,0
155,CANDIDATE,CANDIDATE,11.12,1
6022,NOT DISPOSITIONED,NOT DISPOSITIONED,11.13,0
7229,FALSE POSITIVE,FALSE POSITIVE,11.18,0
5971,NOT DISPOSITIONED,NOT DISPOSITIONED,11.19,0
2584,CANDIDATE,CONFIRMED,11.2,1
3842,CANDIDATE,CANDIDATE,11.2,1
4149,FALSE POSITIVE,FALSE POSITIVE,11.2,0
4598,FALSE POSITIVE,FALSE POSITIVE,11.2,0
7284,FALSE POSITIVE,FALSE POSITIVE,11.25,0
985,CANDIDATE,CANDIDATE,11.27,1
4612,CANDIDATE,CONFIRMED,11.2899,1
5265,FALSE POSITIVE,FALSE POSITIVE,11.2959,0
470,FALSE POSITIVE,FALSE POSITIVE,11.3,0
1411,CANDIDATE,CANDIDATE,11.3,1
2748,CANDIDATE,CANDIDATE,11.3,1
3621,CANDIDATE,CANDIDATE,11.3,1
5905,FALSE POSITIVE,FALSE POSITIVE,11.3,0
6878,NOT DISPOSITIONED,NOT DISPOSITIONED,11.3,0
6286,NOT DISPOSITIONED,NOT DISPOSITIONED,11.393,0
216,CANDIDATE,CANDIDATE,11.4,1
1415,FALSE POSITIVE,FALSE POSITIVE,11.4,0
1453,FALSE POSITIVE,FALSE POSITIVE,11.4,0
2858,CANDIDATE,CONFIRMED,11.4,1
3682,FALSE POSITIVE,FALSE POSITIVE,11.4,0
3765,CANDIDATE,CANDIDATE,11.4,1
3839,FALSE POSITIVE,FALSE POSITIVE,11.4,0
5407,CANDIDATE,CANDIDATE,11.408,1
5067,FALSE POSITIVE,FALSE POSITIVE,11.43,0
4658,FALSE POSITIVE,FALSE POSITIVE,11.443,0
6068,NOT DISPOSITIONED,NOT DISPOSITIONED,11.46,0
4591,FALSE POSITIVE,FALSE POSITIVE,11.4797,0
219,CANDIDATE,CANDIDATE,11.5,1
541,FALSE POSITIVE,FALSE POSITIVE,11.5,0
658,FALSE POSITIVE,FALSE POSITIVE,11.5,0
1455,FALSE POSITIVE,FALSE POSITIVE,11.5,0
5624,FALSE POSITIVE,FALSE POSITIVE,11.5,0
5321,FALSE POSITIVE,FALSE POSITIVE,11.61,0
5170,FALSE POSITIVE,FALSE POSITIVE,11.648,0
6559,NOT DISPOSITIONED,NOT DISPOSITIONED,11.67,0
7282,FALSE POSITIVE,FALSE POSITIVE,11.689,0
986,CANDIDATE,CANDIDATE,11.7,1
1206,FALSE POSITIVE,FALSE POSITIVE,11.7,0
2021,CANDIDATE,CONFIRMED,11.7,1
2965,FALSE POSITIVE,FALSE POSITIVE,11.7,0
6672,FALSE POSITIVE,FALSE POSITIVE,11.7074,0
5262,FALSE POSITIVE,FALSE POSITIVE,11.73,0
6189,NOT DISPOSITIONED,NOT DISPOSITIONED,11.7587,0
651,FALSE POSITIVE,FALSE POSITIVE,11.8,0
892,FALSE POSITIVE,FALSE POSITIVE,11.8,0
1247,FALSE POSITIVE,FALSE POSITIVE,11.8,0
1907,FALSE POSITIVE,FALSE POSITIVE,11.8,0
5741,FALSE POSITIVE,FALSE POSITIVE,11.8,0
4061,CANDIDATE,CANDIDATE,11.9,1
6203,NOT DISPOSITIONED,NOT DISPOSITIONED,11.9,0
1183,CANDIDATE,CONFIRMED,11.97,1
321,CANDIDATE,CANDIDATE,12,1
868,CANDIDATE,CANDIDATE,12,1
3612,CANDIDATE,CANDIDATE,12,1
5995,NOT DISPOSITIONED,NOT DISPOSITIONED,12.0903,0
361,FALSE POSITIVE,FALSE POSITIVE,12.1,0
440,CANDIDATE,CANDIDATE,12.1,1
493,FALSE POSITIVE,FALSE POSITIVE,12.1,0
2271,FALSE POSITIVE,FALSE POSITIVE,12.1,0
3513,FALSE POSITIVE,FALSE POSITIVE,12.1,0
7104,FALSE POSITIVE,FALSE POSITIVE,12.13,0
6900,FALSE POSITIVE,FALSE POSITIVE,12.157,0
550,CANDIDATE,CANDIDATE,12.2,1
2684,FALSE POSITIVE,FALSE POSITIVE,12.2,0
2973,CANDIDATE,CANDIDATE,12.2,1
5237,FALSE POSITIVE,FALSE POSITIVE,12.2,0
5647,FALSE POSITIVE,FALSE POSITIVE,12.2,0
251,FALSE POSITIVE,FALSE POSITIVE,12.3,0
689,CANDIDATE,CANDIDATE,12.3,1
2343,FALSE POSITIVE,FALSE POSITIVE,12.3,0
5320,FALSE POSITIVE,FALSE POSITIVE,12.3,0
5478,FALSE POSITIVE,FALSE POSITIVE,12.3,0
6029,NOT DISPOSITIONED,NOT DISPOSITIONED,12.3,0
5626,CANDIDATE,CONFIRMED,12.35,1
5232,FALSE POSITIVE,FALSE POSITIVE,12.357,0
952,FALSE POSITIVE,FALSE POSITIVE,12.4,0
1563,CANDIDATE,CANDIDATE,12.4,1
5878,FALSE POSITIVE,FALSE POSITIVE,12.42,0
3177,CANDIDATE,CANDIDATE,12.5,1
7129,FALSE POSITIVE,FALSE POSITIVE,12.524,0
5445,FALSE POSITIVE,FALSE POSITIVE,12.542,0
291,CANDIDATE,CANDIDATE,12.6,1
1439,FALSE POSITIVE,FALSE POSITIVE,12.6,0
2781,CANDIDATE,CANDIDATE,12.6,1
3748,CANDIDATE,CANDIDATE,12.7,1
5264,FALSE POSITIVE,FALSE POSITIVE,12.75,0
5888,NOT DISPOSITIONED,NOT DISPOSITIONED,12.76,0
420,CANDIDATE,CANDIDATE,12.8,1
6873,NOT DISPOSITIONED,NOT DISPOSITIONED,12.8,0
7008,NOT DISPOSITIONED,NOT DISPOSITIONED,12.86,0
5365,FALSE POSITIVE,FALSE POSITIVE,12.88,0
5108,FALSE POSITIVE,FALSE POSITIVE,12.8932,0
5286,FALSE POSITIVE,FALSE POSITIVE,12.915,0
7023,NOT DISPOSITIONED,NOT DISPOSITIONED,12.9624,0
7160,FALSE POSITIVE,FALSE POSITIVE,12.996,0
885,FALSE POSITIVE,FALSE POSITIVE,13,0
1621,FALSE POSITIVE,FALSE POSITIVE,13,0
5140,FALSE POSITIVE,FALSE POSITIVE,13,0
5141,FALSE POSITIVE,FALSE POSITIVE,13,0
326,CANDIDATE,CANDIDATE,13.1,1
893,FALSE POSITIVE,FALSE POSITIVE,13.1,0
1421,FALSE POSITIVE,FALSE POSITIVE,13.1,0
3676,FALSE POSITIVE,FALSE POSITIVE,13.1,0
6645,FALSE POSITIVE,FALSE POSITIVE,13.1,0
5206,FALSE POSITIVE,FALSE POSITIVE,13.13,0
5167,FALSE POSITIVE,FALSE POSITIVE,13.17,0
517,CANDIDATE,CANDIDATE,13.2,1
990,FALSE POSITIVE,FALSE POSITIVE,13.2,0
1444,FALSE POSITIVE,FALSE POSITIVE,13.2,0
1552,FALSE POSITIVE,FALSE POSITIVE,13.2,0
6401,NOT DISPOSITIONED,NOT DISPOSITIONED,13.25,0
4912,CANDIDATE,CANDIDATE,13.26,1
5482,FALSE POSITIVE,FALSE POSITIVE,13.3,0
4643,CANDIDATE,CANDIDATE,13.3479,1
6834,FALSE POSITIVE,FALSE POSITIVE,13.37,0
188,CANDIDATE,CANDIDATE,13.4,1
423,CANDIDATE,CANDIDATE,13.4,1
1195,FALSE POSITIVE,FALSE POSITIVE,13.4,0
1253,FALSE POSITIVE,FALSE POSITIVE,13.4,0
5028,FALSE POSITIVE,FALSE POSITIVE,13.43,0
4616,FALSE POSITIVE,FALSE POSITIVE,13.483,0
6990,NOT DISPOSITIONED,NOT DISPOSITIONED,13.49,0
5996,NOT DISPOSITIONED,NOT DISPOSITIONED,13.5,0
6374,NOT DISPOSITIONED,NOT DISPOSITIONED,13.5064,0
6537,NOT DISPOSITIONED,NOT DISPOSITIONED,13.56,0
4859,FALSE POSITIVE,FALSE POSITIVE,13.596,0
5143,CANDIDATE,CANDIDATE,13.6,1
4740,FALSE POSITIVE,FALSE POSITIVE,13.63,0
7070,NOT DISPOSITIONED,NOT DISPOSITIONED,13.687,0
663,FALSE POSITIVE,FALSE POSITIVE,13.7,0
7044,NOT DISPOSITIONED,NOT DISPOSITIONED,13.799,0
5347,CANDIDATE,CANDIDATE,13.8,1
5261,FALSE POSITIVE,FALSE POSITIVE,13.8175,0
5176,FALSE POSITIVE,FALSE POSITIVE,13.8823,0
5991,FALSE POSITIVE,FALSE POSITIVE,13.89,0
675,FALSE POSITIVE,FALSE POSITIVE,13.9,0
5316,CANDIDATE,CANDIDATE,13.981,1
426,CANDIDATE,CONFIRMED,14,1
1120,CANDIDATE,CANDIDATE,14,1
5657,FALSE POSITIVE,FALSE POSITIVE,14,0
6809,NOT DISPOSITIONED,NOT DISPOSITIONED,14,0
6104,FALSE POSITIVE,FALSE POSITIVE,14.01,0
6914,NOT DISPOSITIONED,NOT DISPOSITIONED,14.022,0
5440,FALSE POSITIVE,FALSE POSITIVE,14.06,0
2274,CANDIDATE,CANDIDATE,14.1,1
6838,FALSE POSITIVE,FALSE POSITIVE,14.13,0
264,FALSE POSITIVE,FALSE POSITIVE,14.14,0
700,FALSE POSITIVE,FALSE POSITIVE,14.2,0
1579,FALSE POSITIVE,FALSE POSITIVE,14.2,0
6328,NOT DISPOSITIONED,NOT DISPOSITIONED,14.244,0
4823,FALSE POSITIVE,FALSE POSITIVE,14.25,0
4668,CANDIDATE,CANDIDATE,14.322,1
4868,FALSE POSITIVE,FALSE POSITIVE,14.33,0
207,CANDIDATE,CONFIRMED,14.4,1
5201,FALSE POSITIVE,FALSE POSITIVE,14.421,0
6000,NOT DISPOSITIONED,NOT DISPOSITIONED,14.43,0
6174,NOT DISPOSITIONED,NOT DISPOSITIONED,14.46,0
974,FALSE POSITIVE,FALSE POSITIVE,14.5,0
1373,FALSE POSITIVE,FALSE POSITIVE,14.5,0
3515,FALSE POSITIVE,FALSE POSITIVE,14.5,0
5893,NOT DISPOSITIONED,NOT DISPOSITIONED,14.58,0
2968,FALSE POSITIVE,FALSE POSITIVE,14.6,0
5623,FALSE POSITIVE,FALSE POSITIVE,14.6,0
5168,FALSE POSITIVE,FALSE POSITIVE,14.63,0
5348,CANDIDATE,CANDIDATE,14.65,1
883,FALSE POSITIVE,FALSE POSITIVE,14.66,0
6841,FALSE POSITIVE,FALSE POSITIVE,14.66,0
737,CANDIDATE,CANDIDATE,14.7,1
3115,FALSE POSITIVE,FALSE POSITIVE,14.7,0
3336,FALSE POSITIVE,FALSE POSITIVE,14.7,0
6638,NOT DISPOSITIONED,NOT DISPOSITIONED,14.7,0
5257,FALSE POSITIVE,FALSE POSITIVE,14.7957,0
982,FALSE POSITIVE,FALSE POSITIVE,14.8,0
3511,FALSE POSITIVE,FALSE POSITIVE,14.8,0
2595,CANDIDATE,CONFIRMED,14.82,1
5127,FALSE POSITIVE,FALSE POSITIVE,14.84,0
6135,NOT DISPOSITIONED,NOT DISPOSITIONED,14.8614,0
4857,FALSE POSITIVE,FALSE POSITIVE,14.87,0
2529,CANDIDATE,CONFIRMED,14.9,1
2971,FALSE POSITIVE,FALSE POSITIVE,14.9,0
5164,CANDIDATE,CANDIDATE,14.941,1
6529,NOT DISPOSITIONED,NOT DISPOSITIONED,14.99,0
551,CANDIDATE,CANDIDATE,15,1
565,CANDIDATE,CANDIDATE,15,1
2745,CANDIDATE,CANDIDATE,15,1
3617,CANDIDATE,CANDIDATE,15,1
1207,FALSE POSITIVE,FALSE POSITIVE,15.1,0
1370,FALSE POSITIVE,FALSE POSITIVE,15.1,0
4758,FALSE POSITIVE,FALSE POSITIVE,15.1148,0
1332,FALSE POSITIVE,FALSE POSITIVE,15.14,0
6428,NOT DISPOSITIONED,NOT DISPOSITIONED,15.16,0
1003,FALSE POSITIVE,FALSE POSITIVE,15.2,0
5068,FALSE POSITIVE,FALSE POSITIVE,15.26,0
3514,FALSE POSITIVE,FALSE POSITIVE,15.3,0
4607,FALSE POSITIVE,FALSE POSITIVE,15.344,0
6562,NOT DISPOSITIONED,NOT DISPOSITIONED,15.4,0
6599,CANDIDATE,CANDIDATE,15.4,1
5194,FALSE POSITIVE,FALSE POSITIVE,15.497,0
5819,FALSE POSITIVE,FALSE POSITIVE,15.5,0
5887,FALSE POSITIVE,FALSE POSITIVE,15.5,0
7161,FALSE POSITIVE,FALSE POSITIVE,15.56,0
6088,NOT DISPOSITIONED,NOT DISPOSITIONED,15.6,0
6887,FALSE POSITIVE,FALSE POSITIVE,15.64,0
4984,FALSE POSITIVE,FALSE POSITIVE,15.65,0
325,CANDIDATE,CANDIDATE,15.7,1
5834,FALSE POSITIVE,FALSE POSITIVE,15.7,0
7060,NOT DISPOSITIONED,NOT DISPOSITIONED,15.7039,0
5096,FALSE POSITIVE,FALSE POSITIVE,15.7155,0
6456,NOT DISPOSITIONED,NOT DISPOSITIONED,15.72,0
4992,FALSE POSITIVE,FALSE POSITIVE,15.75,0
1358,FALSE POSITIVE,FALSE POSITIVE,15.8,0
6590,NOT DISPOSITIONED,NOT DISPOSITIONED,15.86,0
209,CANDIDATE,CONFIRMED,15.9,1
2907,FALSE POSITIVE,FALSE POSITIVE,15.9,0
5692,FALSE POSITIVE,FALSE POSITIVE,15.9,0
329,CANDIDATE,CANDIDATE,16,1
568,FALSE POSITIVE,FALSE POSITIVE,16,0
668,FALSE POSITIVE,FALSE POSITIVE,16,0
6248,FALSE POSITIVE,FALSE POSITIVE,16,0
5272,FALSE POSITIVE,FALSE POSITIVE,16.04,0
5426,FALSE POSITIVE,FALSE POSITIVE,16.07,0
3028,CANDIDATE,CONFIRMED,16.1,1
4956,FALSE POSITIVE,FALSE POSITIVE,16.126,0
539,CANDIDATE,CANDIDATE,16.2,1
4879,FALSE POSITIVE,FALSE POSITIVE,16.25,0
4609,CANDIDATE,CANDIDATE,16.2768,1
953,CANDIDATE,CANDIDATE,16.29,1
3816,FALSE POSITIVE,FALSE POSITIVE,16.3,0
5196,FALSE POSITIVE,FALSE POSITIVE,16.3614,0
5687,FALSE POSITIVE,FALSE POSITIVE,16.4,0
4549,FALSE POSITIVE,FALSE POSITIVE,16.6,0
7203,FALSE POSITIVE,FALSE POSITIVE,16.67,0
5325,CANDIDATE,CANDIDATE,16.68,1
625,FALSE POSITIVE,FALSE POSITIVE,16.7,0
3505,FALSE POSITIVE,FALSE POSITIVE,16.7,0
5439,FALSE POSITIVE,FALSE POSITIVE,16.7,0
4585,FALSE POSITIVE,FALSE POSITIVE,16.727,0
6139,NOT DISPOSITIONED,NOT DISPOSITIONED,16.746,0
5292,CANDIDATE,CANDIDATE,16.779,1
652,FALSE POSITIVE,FALSE POSITIVE,16.8,0
3224,CANDIDATE,CANDIDATE,16.8,1
6967,NOT DISPOSITIONED,NOT DISPOSITIONED,16.8,0
4563,FALSE POSITIVE,FALSE POSITIVE,16.84,0
846,FALSE POSITIVE,FALSE POSITIVE,17,0
1139,FALSE POSITIVE,FALSE POSITIVE,17,0
3567,FALSE POSITIVE,FALSE POSITIVE,17,0
4529,FALSE POSITIVE,FALSE POSITIVE,17.0677,0
789,FALSE POSITIVE,FALSE POSITIVE,17.1,0
1483,FALSE POSITIVE,FALSE POSITIVE,17.1,0
2732,CANDIDATE,CANDIDATE,17.1,1
6306,NOT DISPOSITIONED,NOT DISPOSITIONED,17.1,0
6799,NOT DISPOSITIONED,NOT DISPOSITIONED,17.12,0
834,CANDIDATE,CANDIDATE,17.2,1
2659,FALSE POSITIVE,FALSE POSITIVE,17.2,0
4568,FALSE POSITIVE,FALSE POSITIVE,17.2316,0
7179,FALSE POSITIVE,FALSE POSITIVE,17.2772,0
776,FALSE POSITIVE,FALSE POSITIVE,17.3,0
1490,FALSE POSITIVE,FALSE POSITIVE,17.3,0
6709,CANDIDATE,CANDIDATE,17.3,1
7158,FALSE POSITIVE,FALSE POSITIVE,17.316,0
1469,CANDIDATE,CONFIRMED,17.4,1
2085,FALSE POSITIVE,FALSE POSITIVE,17.4,0
5863,NOT DISPOSITIONED,NOT DISPOSITIONED,17.4,0
4662,FALSE POSITIVE,FALSE POSITIVE,17.495,0
3179,CANDIDATE,CONFIRMED,17.5,1
3230,FALSE POSITIVE,FALSE POSITIVE,17.51,0
653,FALSE POSITIVE,FALSE POSITIVE,17.6,0
843,FALSE POSITIVE,FALSE POSITIVE,17.6,0
1353,CANDIDATE,CONFIRMED,17.6,1
1451,FALSE POSITIVE,FALSE POSITIVE,17.6,0
630,FALSE POSITIVE,FALSE POSITIVE,17.7,0
1198,FALSE POSITIVE,FALSE POSITIVE,17.7,0
3718,CANDIDATE,CANDIDATE,17.7,1
122,FALSE POSITIVE,FALSE POSITIVE,17.8,0
1548,FALSE POSITIVE,FALSE POSITIVE,17.8,0
5717,FALSE POSITIVE,FALSE POSITIVE,17.8,0
5941,NOT DISPOSITIONED,NOT DISPOSITIONED,17.8,0
7279,FALSE POSITIVE,FALSE POSITIVE,17.8202,0
6119,NOT DISPOSITIONED,NOT DISPOSITIONED,17.9,0
4679,FALSE POSITIVE,FALSE POSITIVE,17.99,0
154,FALSE POSITIVE,FALSE POSITIVE,18,0
518,FALSE POSITIVE,FALSE POSITIVE,18,0
802,CANDIDATE,CANDIDATE,18,1
891,FALSE POSITIVE,FALSE POSITIVE,18,0
1007,FALSE POSITIVE,FALSE POSITIVE,18,0
1624,CANDIDATE,CANDIDATE,18,1
5476,FALSE POSITIVE,FALSE POSITIVE,18,0
6729,NOT DISPOSITIONED,NOT DISPOSITIONED,18,0
5835,NOT DISPOSITIONED,NOT DISPOSITIONED,18.03,0
6311,NOT DISPOSITIONED,NOT DISPOSITIONED,18.078,0
1068,FALSE POSITIVE,FALSE POSITIVE,18.1,0
6245,NOT DISPOSITIONED,NOT DISPOSITIONED,18.1,0
7255,FALSE POSITIVE,FALSE POSITIVE,18.17,0
761,FALSE POSITIVE,FALSE POSITIVE,18.3,0
5646,FALSE POSITIVE,FALSE POSITIVE,18.4,0
775,FALSE POSITIVE,FALSE POSITIVE,18.5,0
4916,CANDIDATE,CANDIDATE,18.5,1
5841,NOT DISPOSITIONED,NOT DISPOSITIONED,18.54,0
1338,CANDIDATE,CONFIRMED,18.6,1
6546,NOT DISPOSITIONED,NOT DISPOSITIONED,18.65,0
7240,NOT DISPOSITIONED,NOT DISPOSITIONED,18.696,0
5211,CANDIDATE,CANDIDATE,18.78,1
6199,FALSE POSITIVE,FALSE POSITIVE,18.78,0
3341,CANDIDATE,CANDIDATE,18.9,1
3604,FALSE POSITIVE,FALSE POSITIVE,18.9,0
951,FALSE POSITIVE,FALSE POSITIVE,19,0
4661,CANDIDATE,CANDIDATE,19.05,1
842,FALSE POSITIVE,FALSE POSITIVE,19.09,0
4657,CANDIDATE,CANDIDATE,19.13,1
4576,FALSE POSITIVE,FALSE POSITIVE,19.14,0
4705,FALSE POSITIVE,FALSE POSITIVE,19.17,0
2206,FALSE POSITIVE,FALSE POSITIVE,19.2,0
494,FALSE POSITIVE,FALSE POSITIVE,19.3,0
5654,FALSE POSITIVE,FALSE POSITIVE,19.3,0
792,FALSE POSITIVE,FALSE POSITIVE,19.4,0
5656,FALSE POSITIVE,FALSE POSITIVE,19.4,0
5709,FALSE POSITIVE,FALSE POSITIVE,19.4,0
6806,CANDIDATE,CANDIDATE,19.4,1
7007,NOT DISPOSITIONED,NOT DISPOSITIONED,19.443,0
1312,FALSE POSITIVE,FALSE POSITIVE,19.56,0
6255,FALSE POSITIVE,FALSE POSITIVE,19.79,0
114,CANDIDATE,CANDIDATE,19.8,1
5967,FALSE POSITIVE,FALSE POSITIVE,19.8,0
299,FALSE POSITIVE,FALSE POSITIVE,19.9,0
1116,FALSE POSITIVE,FALSE POSITIVE,19.9,0
5144,FALSE POSITIVE,FALSE POSITIVE,19.9,0
4670,FALSE POSITIVE,FALSE POSITIVE,19.919,0
6895,NOT DISPOSITIONED,NOT DISPOSITIONED,19.94,0
1580,FALSE POSITIVE,FALSE POSITIVE,20,0
1713,FALSE POSITIVE,FALSE POSITIVE,20,0
2470,CANDIDATE,CANDIDATE,20,1
2898,FALSE POSITIVE,FALSE POSITIVE,20,0
3391,FALSE POSITIVE,FALSE POSITIVE,20,0
5685,FALSE POSITIVE,FALSE POSITIVE,20,0
6106,CANDIDATE,CANDIDATE,20.1,1
4674,FALSE POSITIVE,FALSE POSITIVE,20.17,0
7135,FALSE POSITIVE,FALSE POSITIVE,20.2136,0
6089,FALSE POSITIVE,FALSE POSITIVE,20.3,0
5693,FALSE POSITIVE,FALSE POSITIVE,20.4,0
256,FALSE POSITIVE,FALSE POSITIVE,20.5,0
5166,CANDIDATE,CANDIDATE,20.5203,1
2638,CANDIDATE,CANDIDATE,20.6,1
5857,NOT DISPOSITIONED,NOT DISPOSITIONED,20.74,0
5369,FALSE POSITIVE,FALSE POSITIVE,20.8,0
5171,FALSE POSITIVE,FALSE POSITIVE,20.865,0
6095,NOT DISPOSITIONED,NOT DISPOSITIONED,20.867,0
4678,CANDIDATE,CANDIDATE,20.89,1
5230,FALSE POSITIVE,FALSE POSITIVE,20.99,0
1185,FALSE POSITIVE,FALSE POSITIVE,21,0
1357,FALSE POSITIVE,FALSE POSITIVE,21,0
2512,CANDIDATE,CANDIDATE,21,1
2742,CANDIDATE,CANDIDATE,21,1
7211,FALSE POSITIVE,FALSE POSITIVE,21.05,0
1333,FALSE POSITIVE,FALSE POSITIVE,21.1,0
6309,NOT DISPOSITIONED,NOT DISPOSITIONED,21.18,0
659,FALSE POSITIVE,FALSE POSITIVE,21.2,0
7163,NOT DISPOSITIONED,NOT DISPOSITIONED,21.2663,0
5688,FALSE POSITIVE,FALSE POSITIVE,21.3,0
7212,NOT DISPOSITIONED,NOT DISPOSITIONED,21.3939,0
6002,NOT DISPOSITIONED,NOT DISPOSITIONED,21.45,0
6083,FALSE POSITIVE,FALSE POSITIVE,21.5,0
4586,CANDIDATE,CANDIDATE,21.51,1
5409,FALSE POSITIVE,FALSE POSITIVE,21.526,0
4983,CANDIDATE,CANDIDATE,21.622,1
1194,FALSE POSITIVE,FALSE POSITIVE,21.7,0
3088,CANDIDATE,CANDIDATE,21.8,1
736,FALSE POSITIVE,FALSE POSITIVE,21.9,0
3727,FALSE POSITIVE,FALSE POSITIVE,21.9,0
374,FALSE POSITIVE,FALSE POSITIVE,22,0
884,FALSE POSITIVE,FALSE POSITIVE,22,0
1450,FALSE POSITIVE,FALSE POSITIVE,22,0
1633,FALSE POSITIVE,FALSE POSITIVE,22,0
1914,FALSE POSITIVE,FALSE POSITIVE,22,0
2780,CANDIDATE,CANDIDATE,22,1
2880,FALSE POSITIVE,FALSE POSITIVE,22,0
3679,FALSE POSITIVE,FALSE POSITIVE,22,0
3760,FALSE POSITIVE,FALSE POSITIVE,22,0
5622,CANDIDATE,CANDIDATE,22,1
6687,NOT DISPOSITIONED,NOT DISPOSITIONED,22.0071,0
4632,CANDIDATE,CANDIDATE,22.0667,1
1018,FALSE POSITIVE,FALSE POSITIVE,22.1,0
1300,FALSE POSITIVE,FALSE POSITIVE,22.2,0
4553,FALSE POSITIVE,FALSE POSITIVE,22.28,0
208,CANDIDATE,CONFIRMED,22.3,1
790,FALSE POSITIVE,FALSE POSITIVE,22.3,0
6725,NOT DISPOSITIONED,NOT DISPOSITIONED,22.33,0
4664,FALSE POSITIVE,FALSE POSITIVE,22.4596,0
6058,NOT DISPOSITIONED,NOT DISPOSITIONED,22.49,0
4504,FALSE POSITIVE,FALSE POSITIVE,22.5345,0
5174,FALSE POSITIVE,FALSE POSITIVE,22.57,0
3026,FALSE POSITIVE,FALSE POSITIVE,22.6,0
7231,FALSE POSITIVE,FALSE POSITIVE,22.646,0
660,FALSE POSITIVE,FALSE POSITIVE,22.7,0
6423,NOT DISPOSITIONED,NOT DISPOSITIONED,22.75,0
1375,FALSE POSITIVE,FALSE POSITIVE,22.8,0
5361,FALSE POSITIVE,FALSE POSITIVE,22.87,0
1094,FALSE POSITIVE,FALSE POSITIVE,22.9,0
3735,FALSE POSITIVE,FALSE POSITIVE,22.9,0
6612,NOT DISPOSITIONED,NOT DISPOSITIONED,22.9,0
890,CANDIDATE,CANDIDATE,23,1
1361,CANDIDATE,CONFIRMED,23,1
6883,FALSE POSITIVE,FALSE POSITIVE,23.0142,0
4569,CANDIDATE,CANDIDATE,23.08,1
7146,NOT DISPOSITIONED,NOT DISPOSITIONED,23.134,0
5263,FALSE POSITIVE,FALSE POSITIVE,23.14,0
5135,FALSE POSITIVE,FALSE POSITIVE,23.142,0
4637,CANDIDATE,CANDIDATE,23.15,1
6755,FALSE POSITIVE,FALSE POSITIVE,23.15,0
7259,FALSE POSITIVE,FALSE POSITIVE,23.15,0
1549,FALSE POSITIVE,FALSE POSITIVE,23.2,0
4641,FALSE POSITIVE,FALSE POSITIVE,23.2035,0
4543,CANDIDATE,CANDIDATE,23.28,1
655,CANDIDATE,CANDIDATE,23.3,1
5631,FALSE POSITIVE,FALSE POSITIVE,23.3,0
6124,FALSE POSITIVE,FALSE POSITIVE,23.41,0
6830,FALSE POSITIVE,FALSE POSITIVE,23.43,0
4559,FALSE POSITIVE,FALSE POSITIVE,23.495,0
5031,FALSE POSITIVE,FALSE POSITIVE,23.4973,0
5290,CANDIDATE,CANDIDATE,23.5,1
6620,NOT DISPOSITIONED,NOT DISPOSITIONED,23.51,0
4555,FALSE POSITIVE,FALSE POSITIVE,23.52,0
889,FALSE POSITIVE,FALSE POSITIVE,23.7,0
4522,FALSE POSITIVE,FALSE POSITIVE,23.779,0
1356,FALSE POSITIVE,FALSE POSITIVE,23.8,0
465,FALSE POSITIVE,FALSE POSITIVE,24,0
791,FALSE POSITIVE,FALSE POSITIVE,24,0
1541,FALSE POSITIVE,FALSE POSITIVE,24,0
2200,CANDIDATE,CANDIDATE,24,1
3103,CANDIDATE,CANDIDATE,24,1
3290,FALSE POSITIVE,FALSE POSITIVE,24,0
5669,FALSE POSITIVE,FALSE POSITIVE,24,0
4747,FALSE POSITIVE,FALSE POSITIVE,24.1324,0
5937,NOT DISPOSITIONED,NOT DISPOSITIONED,24.19,0
1313,FALSE POSITIVE,FALSE POSITIVE,24.2,0
7207,FALSE POSITIVE,FALSE POSITIVE,24.2,0
6791,NOT DISPOSITIONED,NOT DISPOSITIONED,24.26,0
4659,FALSE POSITIVE,FALSE POSITIVE,24.5,0
4655,FALSE POSITIVE,FALSE POSITIVE,24.5571,0
6798,NOT DISPOSITIONED,NOT DISPOSITIONED,24.6,0
7204,FALSE POSITIVE,FALSE POSITIVE,24.6116,0
4673,CANDIDATE,CANDIDATE,24.67,1
1314,FALSE POSITIVE,FALSE POSITIVE,24.7,0
6618,NOT DISPOSITIONED,NOT DISPOSITIONED,24.71,0
5577,FALSE POSITIVE,FALSE POSITIVE,24.89,0
887,FALSE POSITIVE,FALSE POSITIVE,25,0
1196,FALSE POSITIVE,FALSE POSITIVE,25,0
1427,FALSE POSITIVE,FALSE POSITIVE,25,0
1452,FALSE POSITIVE,FALSE POSITIVE,25,0
2428,FALSE POSITIVE,FALSE POSITIVE,25,0
2695,FALSE POSITIVE,FALSE POSITIVE,25,0
3314,CANDIDATE,CANDIDATE,25,1
5477,FALSE POSITIVE,FALSE POSITIVE,25,0
4991,FALSE POSITIVE,FALSE POSITIVE,25.03,0
5120,CANDIDATE,CANDIDATE,25.12,1
7121,NOT DISPOSITIONED,NOT DISPOSITIONED,25.177,0
7106,FALSE POSITIVE,FALSE POSITIVE,25.226,0
5331,CANDIDATE,CANDIDATE,25.38,1
4530,FALSE POSITIVE,FALSE POSITIVE,25.3908,0
650,CANDIDATE,CANDIDATE,25.4,1
5258,FALSE POSITIVE,FALSE POSITIVE,25.499,0
7208,FALSE POSITIVE,FALSE POSITIVE,25.674,0
4618,FALSE POSITIVE,FALSE POSITIVE,25.68,0
7022,NOT DISPOSITIONED,NOT DISPOSITIONED,25.72,0
5322,FALSE POSITIVE,FALSE POSITIVE,25.76,0
4927,FALSE POSITIVE,FALSE POSITIVE,25.8546,0
5442,FALSE POSITIVE,FALSE POSITIVE,25.9,0
4560,CANDIDATE,CANDIDATE,25.93,1
6980,NOT DISPOSITIONED,NOT DISPOSITIONED,25.9718,0
1010,FALSE POSITIVE,FALSE POSITIVE,26,0
1484,CANDIDATE,CANDIDATE,26,1
2683,FALSE POSITIVE,FALSE POSITIVE,26,0
3315,CANDIDATE,CANDIDATE,26,1
5499,FALSE POSITIVE,FALSE POSITIVE,26,0
4798,FALSE POSITIVE,FALSE POSITIVE,26.0638,0
1517,FALSE POSITIVE,FALSE POSITIVE,26.1,0
6244,NOT DISPOSITIONED,NOT DISPOSITIONED,26.1048,0
5947,NOT DISPOSITIONED,NOT DISPOSITIONED,26.2654,0
5011,FALSE POSITIVE,FALSE POSITIVE,26.4264,0
7077,NOT DISPOSITIONED,NOT DISPOSITIONED,26.468,0
5454,FALSE POSITIVE,FALSE POSITIVE,26.47,0
4640,FALSE POSITIVE,FALSE POSITIVE,26.4866,0
4515,FALSE POSITIVE,FALSE POSITIVE,26.5821,0
4525,FALSE POSITIVE,FALSE POSITIVE,26.6016,0
7278,FALSE POSITIVE,FALSE POSITIVE,26.6558,0
4667,FALSE POSITIVE,FALSE POSITIVE,26.7,0
4656,CANDIDATE,CANDIDATE,26.72,1
4588,FALSE POSITIVE,FALSE POSITIVE,26.786,0
4532,FALSE POSITIVE,FALSE POSITIVE,26.7957,0
6863,FALSE POSITIVE,FALSE POSITIVE,26.8074,0
5029,CANDIDATE,CANDIDATE,26.915,1
293,FALSE POSITIVE,FALSE POSITIVE,27,0
707,FALSE POSITIVE,FALSE POSITIVE,27,0
798,FALSE POSITIVE,FALSE POSITIVE,27,0
898,FALSE POSITIVE,FALSE POSITIVE,27,0
7257,FALSE POSITIVE,FALSE POSITIVE,27.0315,0
6565,CANDIDATE,CANDIDATE,27.09,1
6025,NOT DISPOSITIONED,NOT DISPOSITIONED,27.12,0
5132,FALSE POSITIVE,FALSE POSITIVE,27.33,0
5889,NOT DISPOSITIONED,NOT DISPOSITIONED,27.38,0
5197,FALSE POSITIVE,FALSE POSITIVE,27.43,0
7209,FALSE POSITIVE,FALSE POSITIVE,27.691,0
4548,FALSE POSITIVE,FALSE POSITIVE,27.7,0
6839,FALSE POSITIVE,FALSE POSITIVE,27.821,0
6564,NOT DISPOSITIONED,NOT DISPOSITIONED,27.8519,0
4644,CANDIDATE,CANDIDATE,27.88,1
6777,NOT DISPOSITIONED,NOT DISPOSITIONED,27.8989,0
1532,FALSE POSITIVE,FALSE POSITIVE,27.9,0
662,CANDIDATE,CANDIDATE,28,1
1540,FALSE POSITIVE,FALSE POSITIVE,28,0
1542,FALSE POSITIVE,FALSE POSITIVE,28,0
1572,CANDIDATE,CANDIDATE,28,1
1836,CANDIDATE,CANDIDATE,28,1
3113,FALSE POSITIVE,FALSE POSITIVE,28,0
3708,CANDIDATE,CANDIDATE,28,1
5327,FALSE POSITIVE,FALSE POSITIVE,28,0
5460,FALSE POSITIVE,FALSE POSITIVE,28.03,0
7006,NOT DISPOSITIONED,NOT DISPOSITIONED,28.053,0
4796,FALSE POSITIVE,FALSE POSITIVE,28.15,0
6108,NOT DISPOSITIONED,NOT DISPOSITIONED,28.21,0
6595,FALSE POSITIVE,FALSE POSITIVE,28.3,0
7090,NOT DISPOSITIONED,NOT DISPOSITIONED,28.37,0
6858,FALSE POSITIVE,FALSE POSITIVE,28.4951,0
7153,FALSE POSITIVE,FALSE POSITIVE,28.5,0
7058,NOT DISPOSITIONED,NOT DISPOSITIONED,28.518,0
6251,CANDIDATE,CANDIDATE,28.56,1
5130,FALSE POSITIVE,FALSE POSITIVE,28.787,0
6177,NOT DISPOSITIONED,NOT DISPOSITIONED,28.811,0
4660,CANDIDATE,CANDIDATE,28.84,1
265,FALSE POSITIVE,FALSE POSITIVE,29,0
2298,FALSE POSITIVE,FALSE POSITIVE,29,0
2349,FALSE POSITIVE,FALSE POSITIVE,29,0
2433,CANDIDATE,CANDIDATE,29,1
4721,CANDIDATE,CANDIDATE,29.06,1
6362,NOT DISPOSITIONED,NOT DISPOSITIONED,29.06,0
7232,FALSE POSITIVE,FALSE POSITIVE,29.1561,0
4556,FALSE POSITIVE,FALSE POSITIVE,29.2449,0
4685,CANDIDATE,CANDIDATE,29.27,1
4502,CANDIDATE,CANDIDATE,29.417,1
7064,NOT DISPOSITIONED,NOT DISPOSITIONED,29.4229,0
6113,NOT DISPOSITIONED,NOT DISPOSITIONED,29.4268,0
6031,FALSE POSITIVE,FALSE POSITIVE,29.4269,0
6857,FALSE POSITIVE,FALSE POSITIVE,29.44,0
5986,NOT DISPOSITIONED,NOT DISPOSITIONED,29.5,0
6837,FALSE POSITIVE,FALSE POSITIVE,29.5,0
4516,CANDIDATE,CANDIDATE,29.543,1
6956,NOT DISPOSITIONED,NOT DISPOSITIONED,29.7044,0
4546,CANDIDATE,CANDIDATE,29.75,1
4562,FALSE POSITIVE,FALSE POSITIVE,29.8,0
4646,FALSE POSITIVE,FALSE POSITIVE,29.8581,0
7051,NOT DISPOSITIONED,NOT DISPOSITIONED,29.942,0
466,FALSE POSITIVE,FALSE POSITIVE,30,0
656,FALSE POSITIVE,FALSE POSITIVE,30,0
1351,FALSE POSITIVE,FALSE POSITIVE,30,0
1628,FALSE POSITIVE,FALSE POSITIVE,30,0
1766,FALSE POSITIVE,FALSE POSITIVE,30,0
3120,CANDIDATE,CANDIDATE,30,1
3258,FALSE POSITIVE,FALSE POSITIVE,30,0
3763,CANDIDATE,CANDIDATE,30,1
5700,FALSE POSITIVE,FALSE POSITIVE,30,0
5116,FALSE POSITIVE,FALSE POSITIVE,30.131,0
5919,NOT DISPOSITIONED,NOT DISPOSITIONED,30.24,0
5928,NOT DISPOSITIONED,NOT DISPOSITIONED,30.4,0
6760,NOT DISPOSITIONED,NOT DISPOSITIONED,30.4022,0
6195,FALSE POSITIVE,FALSE POSITIVE,30.5,0
1135,FALSE POSITIVE,FALSE POSITIVE,30.65,0
4564,FALSE POSITIVE,FALSE POSITIVE,30.679,0
6881,FALSE POSITIVE,FALSE POSITIVE,30.819,0
4540,CANDIDATE,CANDIDATE,30.91,1
6880,FALSE POSITIVE,FALSE POSITIVE,30.944,0
6794,NOT DISPOSITIONED,NOT DISPOSITIONED,30.9776,0
7230,FALSE POSITIVE,FALSE POSITIVE,30.9795,0
981,FALSE POSITIVE,FALSE POSITIVE,31,0
1013,FALSE POSITIVE,FALSE POSITIVE,31,0
5378,FALSE POSITIVE,FALSE POSITIVE,31,0
5479,FALSE POSITIVE,FALSE POSITIVE,31,0
4579,FALSE POSITIVE,FALSE POSITIVE,31.02,0
921,FALSE POSITIVE,FALSE POSITIVE,31.2,0
6427,NOT DISPOSITIONED,NOT DISPOSITIONED,31.25,0
4613,FALSE POSITIVE,FALSE POSITIVE,31.2606,0
5010,CANDIDATE,CANDIDATE,31.4274,1
6100,FALSE POSITIVE,FALSE POSITIVE,31.579,0
6319,NOT DISPOSITIONED,NOT DISPOSITIONED,31.6,0
4650,FALSE POSITIVE,FALSE POSITIVE,31.71,0
4623,FALSE POSITIVE,FALSE POSITIVE,31.7437,0
7125,NOT DISPOSITIONED,NOT DISPOSITIONED,31.76,0
6840,FALSE POSITIVE,FALSE POSITIVE,31.7659,0
5381,FALSE POSITIVE,FALSE POSITIVE,31.9545,0
211,FALSE POSITIVE,FALSE POSITIVE,32,0
676,FALSE POSITIVE,FALSE POSITIVE,32,0
1331,FALSE POSITIVE,FALSE POSITIVE,32,0
1744,FALSE POSITIVE,FALSE POSITIVE,32,0
2288,CANDIDATE,CANDIDATE,32,1
3022,FALSE POSITIVE,FALSE POSITIVE,32,0
3619,FALSE POSITIVE,FALSE POSITIVE,32,0
5722,FALSE POSITIVE,FALSE POSITIVE,32,0
6661,NOT DISPOSITIONED,NOT DISPOSITIONED,32.0049,0
7228,FALSE POSITIVE,FALSE POSITIVE,32.07,0
7102,FALSE POSITIVE,FALSE POSITIVE,32.1883,0
7050,NOT DISPOSITIONED,NOT DISPOSITIONED,32.201,0
6167,FALSE POSITIVE,FALSE POSITIVE,32.25,0
1770,FALSE POSITIVE,FALSE POSITIVE,32.3,0
5260,FALSE POSITIVE,FALSE POSITIVE,32.3,0
7130,FALSE POSITIVE,FALSE POSITIVE,32.3058,0
5242,FALSE POSITIVE,FALSE POSITIVE,32.4,0
4797,CANDIDATE,CANDIDATE,32.41,1
7120,NOT DISPOSITIONED,NOT DISPOSITIONED,32.4328,0
4636,FALSE POSITIVE,FALSE POSITIVE,32.5206,0
5794,NOT DISPOSITIONED,NOT DISPOSITIONED,32.6,0
7057,NOT DISPOSITIONED,NOT DISPOSITIONED,32.667,0
6072,FALSE POSITIVE,FALSE POSITIVE,32.7,0
4828,FALSE POSITIVE,FALSE POSITIVE,32.725,0
5415,FALSE POSITIVE,FALSE POSITIVE,32.89,0
6856,FALSE POSITIVE,FALSE POSITIVE,32.9122,0
5414,FALSE POSITIVE,FALSE POSITIVE,32.96,0
302,FALSE POSITIVE,FALSE POSITIVE,33,0
450,CANDIDATE,CANDIDATE,33,1
1315,FALSE POSITIVE,FALSE POSITIVE,33,0
1888,FALSE POSITIVE,FALSE POSITIVE,33,0
3614,CANDIDATE,CANDIDATE,33,1
5713,FALSE POSITIVE,FALSE POSITIVE,33,0
4565,FALSE POSITIVE,FALSE POSITIVE,33.184,0
6610,NOT DISPOSITIONED,NOT DISPOSITIONED,33.3,0
5289,FALSE POSITIVE,FALSE POSITIVE,33.6098,0
4526,FALSE POSITIVE,FALSE POSITIVE,33.6251,0
4872,FALSE POSITIVE,FALSE POSITIVE,33.6256,0
6843,FALSE POSITIVE,FALSE POSITIVE,33.704,0
6201,FALSE POSITIVE,FALSE POSITIVE,33.81,0
7157,FALSE POSITIVE,FALSE POSITIVE,33.9756,0
661,CANDIDATE,CANDIDATE,34,1
5235,FALSE POSITIVE,FALSE POSITIVE,34,0
5726,FALSE POSITIVE,FALSE POSITIVE,34,0
7183,FALSE POSITIVE,FALSE POSITIVE,34.054,0
4645,FALSE POSITIVE,FALSE POSITIVE,34.152,0
5436,FALSE POSITIVE,FALSE POSITIVE,34.287,0
6768,NOT DISPOSITIONED,NOT DISPOSITIONED,34.4365,0
5326,CANDIDATE,CANDIDATE,34.45,1
7256,FALSE POSITIVE,FALSE POSITIVE,34.474,0
6460,NOT DISPOSITIONED,NOT DISPOSITIONED,34.484,0
5209,CANDIDATE,CANDIDATE,34.5,1
4534,FALSE POSITIVE,FALSE POSITIVE,34.6734,0
6885,FALSE POSITIVE,FALSE POSITIVE,34.92,0
932,FALSE POSITIVE,FALSE POSITIVE,35,0
1691,FALSE POSITIVE,FALSE POSITIVE,35,0
2265,FALSE POSITIVE,FALSE POSITIVE,35,0
5480,CANDIDATE,CANDIDATE,35,1
5335,CANDIDATE,CANDIDATE,35.075,1
4625,CANDIDATE,CANDIDATE,35.153,1
3082,FALSE POSITIVE,FALSE POSITIVE,35.4,0
4622,FALSE POSITIVE,FALSE POSITIVE,35.4103,0
7261,FALSE POSITIVE,FALSE POSITIVE,35.442,0
4971,FALSE POSITIVE,FALSE POSITIVE,35.463,0
5228,FALSE POSITIVE,FALSE POSITIVE,35.57,0
7234,FALSE POSITIVE,FALSE POSITIVE,35.5873,0
6264,FALSE POSITIVE,FALSE POSITIVE,35.62,0
6015,NOT DISPOSITIONED,NOT DISPOSITIONED,35.65,0
7131,FALSE POSITIVE,FALSE POSITIVE,35.7867,0
3092,FALSE POSITIVE,FALSE POSITIVE,35.8,0
5355,FALSE POSITIVE,FALSE POSITIVE,35.913,0
989,FALSE POSITIVE,FALSE POSITIVE,36,0
1355,FALSE POSITIVE,FALSE POSITIVE,36,0
1481,CANDIDATE,CANDIDATE,36,1
3420,FALSE POSITIVE,FALSE POSITIVE,36,0
5484,FALSE POSITIVE,FALSE POSITIVE,36,0
5740,FALSE POSITIVE,FALSE POSITIVE,36,0
6859,FALSE POSITIVE,FALSE POSITIVE,36.037,0
4651,FALSE POSITIVE,FALSE POSITIVE,36.0389,0
5178,FALSE POSITIVE,FALSE POSITIVE,36.1,0
3119,CANDIDATE,CANDIDATE,36.2,1
7101,FALSE POSITIVE,FALSE POSITIVE,36.242,0
4531,FALSE POSITIVE,FALSE POSITIVE,36.2686,0
5049,FALSE POSITIVE,FALSE POSITIVE,36.3924,0
6128,NOT DISPOSITIONED,NOT DISPOSITIONED,36.565,0
4985,FALSE POSITIVE,FALSE POSITIVE,36.63,0
5045,FALSE POSITIVE,FALSE POSITIVE,36.6653,0
4972,FALSE POSITIVE,FALSE POSITIVE,36.7198,0
7181,FALSE POSITIVE,FALSE POSITIVE,36.7322,0
4520,FALSE POSITIVE,FALSE POSITIVE,36.79,0
6391,NOT DISPOSITIONED,NOT DISPOSITIONED,36.79,0
845,CANDIDATE,CANDIDATE,37,1
